103925,1556483,1
103925,1558683,1
138297,1564533,1
150976,1564533,1
150976,1564543,1
158583,1561553,1
162732,1564543,1
164225,1566153,1
167993,1559853,1
167993,1562273,1
172990,1554733,1
172990,1564533,1
189508,1562273,1
191191,1441413,1
191191,1458053,1
195153,1562273,1
196352,1564533,1
198156,1550023,1
198156,1558683,1
198156,1564533,1
198324,1554733,1
199053,1550663,1
199312,1561323,1
199312,1562273,1
201423,1559853,1
202332,1562273,1
253399,1550663,1
254760,1554733,1
255020,1562273,1
258100,1550223,1
265758,1557723,1
266371,1441413,1
266371,1458053,1
266371,1550223,1
266371,1554733,1
267080,1564533,1
268308,1414023,1
268308,1441413,1
268308,1442163,1
268308,1534503,1
268308,1538933,1
268308,1547383,1
268308,1550023,1
268308,1550033,1
268308,1550223,1
268308,1554733,1
268308,1558963,1
268308,1562273,1
268308,1562673,1
269202,1564543,1
273743,1552513,1
274824,1561323,1
277350,1562273,1
282577,1567203,1
286404,1562273,1
286710,1521843,1
288332,1562273,1
290759,1562273,1
291326,1550223,1
291326,1554733,1
291326,1559033,1
291326,1561323,1
291326,1562273,1
291459,1562273,1
291555,1554733,1
292169,1554733,1
292169,1562273,1
292169,1562673,1
292683,1562273,1
293404,1561323,1
293931,1561323,1
295600,1558683,1
295600,1564543,1
297671,1550223,1
297671,1562273,1
297692,1562273,1
298317,1562273,1
299364,1564543,1
299858,1561323,1
299858,1562273,1
299863,1552023,1
300197,1554733,1
301175,1561323,1
301175,1562273,1
301540,1554733,1
301540,1561553,1
307382,1523463,1
307382,1558683,1
307612,1402803,1
307612,1425303,1
307612,1441413,1
307612,1454913,1
307612,1458053,1
307612,1478093,1
307612,1550023,1
307612,1550223,1
307612,1554733,1
307612,1561323,1
308643,1554733,1
312652,1564543,1
318146,1562273,1
319984,1561323,1
322056,1550663,1
324302,1554733,1
400615,1564543,1
404448,1562273,1
406024,1550663,1
410507,1558683,1
410661,1550663,1
410779,1554733,1
410779,1562273,1
410779,1564533,1
411965,1562273,1
412358,1564533,1
413582,1562273,1
534430,1562273,1
534473,1554733,1
536271,1441413,1
536271,1550023,1
536271,1561323,1
540148,1562273,1
547077,1562273,1
1003627,1554733,1
1003627,1561323,1
1003627,1562673,1
1004017,1554733,1
1008003,1558683,1
1008499,1566153,1
1011875,1550663,1
1011875,1562273,1
1012338,1558683,1
1012993,1562273,1
1019841,1562273,1
1021585,1562273,1
1021615,1558683,1
1021849,1563763,1
1022051,1562673,1
1022276,1561513,1
1022562,1562273,1
1022562,1564543,1
1023731,1550663,1
1023731,1564543,1
1023936,1562273,1
1025172,1562273,1
1025851,1564533,1
1028455,1562273,1
1029577,1558963,1
1041557,1552423,1
1041933,1564543,1
1258382,1563763,1
1258382,1566153,1
1349712,1550223,1
1349712,1550663,1
1394551,1562273,1
1428641,1562273,1
1445691,1558683,1
1445691,1562673,1
2000442,1559033,1
2000798,1441413,1
2000798,1458053,1
2000798,1549953,1
2000798,1550023,1
2000798,1550223,1
2000798,1554733,1
2000798,1561323,1
2002049,1554693,1
2002049,1554733,1
2002049,1562273,1
2003143,1558683,1
2003758,1554733,1
2005325,1554733,1
2007728,1554733,1
2007928,1561323,1
2010771,1564533,1
2012643,1562273,1
2014860,1554733,1
2016022,1561323,1
2017107,1562273,1
2018110,1561323,1
2025172,1564533,1
2079632,1552513,1
2092212,1554733,1
2092212,1562273,1
2097602,1559033,1
2102132,1458053,1
2102132,1562273,1
2105842,1550033,1
2105842,1556483,1
2105842,1558683,1
2105842,1562273,1
2106372,1554733,1
2112572,1562273,1
2115752,1550223,1
2115752,1562273,1
2119152,1554733,1
2120612,1441413,1
2121392,1550223,1
2129522,1554733,1
2129522,1562273,1
2129522,1562673,1
2130692,1554733,1
2130692,1564543,1
2132052,1562273,1
2139362,1554733,1
2143832,1458053,1
2143832,1561323,1
2169152,1562673,1
2186002,1558683,1
2211882,1552513,1
2221582,1562273,1
2231452,1562273,1
2232592,1554733,1
2239322,1562273,1
2239762,1564543,1
2277642,1564543,1
2278162,1564543,1
2279932,1562273,1
2281702,1556793,1
2281702,1564533,1
2281702,1564543,1
2313202,1564543,1
2325932,1550023,1
2339702,1558683,1
2339702,1559853,1
2362391,1558683,1
2364701,1550663,1
2394531,1562273,1
2398021,1562273,1
2398901,1564533,1
2398901,1564543,1
2424001,1564533,1
2482462,1559853,1
2491672,1561323,1
2495092,1556793,1
2512102,1561323,1
2513522,1562273,1
2517902,1562273,1
2537832,1554733,1
2541122,1558683,1
2541122,1558963,1
2551642,1562273,1
2578712,1563763,1
2630402,1562273,1
2633102,1554733,1
2633102,1562273,1
2641712,1554733,1
2643042,1532823,1
2643042,1564543,1
2660232,1550663,1
2670332,1550663,1
2708382,1561323,1
2708382,1564533,1
2711362,1558963,1
2717522,1550663,1
2729612,1561323,1
2758371,1458053,1
2758371,1550223,1
2758371,1562273,1
2773461,1554733,1
2781821,1550663,1
2784711,1562273,1
2791691,1562673,1
2802481,1441413,1
2802481,1458053,1
2802481,1543423,1
2802481,1550023,1
2802481,1564543,1
2803621,1564533,1
2816311,1558683,1
2816941,1517293,1
2816941,1562273,1
2828021,1540053,1
2828021,1549903,1
2828021,1562273,1
2828021,1564543,1
2865052,1556563,1
2865052,1558963,1
2865052,1561323,1
2865052,1562273,1
2882121,1562273,1
2889551,1564533,1
2917981,1561323,1
2922781,1550663,1
2932591,1551933,1
2932591,1552513,1
2932591,1556483,1
2932591,1558683,1
2935651,1550663,1
2936171,1552513,1
2954721,1564533,1
2954721,1566153,1
2986661,1562273,1
2986661,1568403,1
2995941,1441413,1
2995941,1561323,1
2999561,1550663,1
2999561,1561553,1
3002571,1554733,1
3002571,1562273,1
3003231,1564543,1
3014781,1550663,1
3016131,1562273,1
3019491,1563763,1
3019491,1566153,1
3025251,1564543,1
3026071,1562273,1
3030371,1441413,1
3030371,1552513,1
3037651,1554733,1
3039231,1564533,1
3040501,1441413,1
3040501,1552503,1
3040501,1562273,1
3050451,1551933,1
3050451,1552513,1
3050451,1563763,1
3050451,1564543,1
3051151,1561323,1
3058181,1552023,1
3058181,1562273,1
3084011,1562273,1
3090651,1562273,1
3097905,1566153,1
3097965,1554733,1
3101185,1562273,1
3101805,1560083,1
3107705,1563763,1
3110065,1562273,1
3111391,1554733,1
3111391,1556563,1
3111391,1556793,1
3111391,1557723,1
3111391,1558963,1
3111391,1559033,1
3111391,1560083,1
3111391,1561323,1
3111391,1561553,1
3111391,1562273,1
3111391,1562673,1
3111391,1563763,1
3111391,1564533,1
3111391,1564543,1
3114895,1550023,1
3114895,1564543,1
3119345,1549953,1
3119345,1562273,1
3121735,1562273,1
3126955,1556563,1
3144425,1556483,1
3144425,1558683,1
3144425,1564543,1
3152735,1562673,1
3159505,1550663,1
3159505,1562273,1
3161755,1562273,1
3164025,1558963,1
3166945,1554733,1
3172495,1562273,1
3177175,1554733,1
3177175,1562273,1
3177995,1564533,1
3178425,1550023,1
3186504,1562273,1
3189544,1556793,1
3189544,1561323,1
3194624,1557723,1
3195184,1552023,1
3195184,1562273,1
3197544,1552023,1
3209834,1562273,1
3211594,1550223,1
3211594,1559033,1
3212464,1562673,1
3217464,1562273,1
3219944,1564543,1
3221294,1564543,1
3225594,1551933,1
3225594,1564543,1
3240664,1564543,1
3245164,1550663,1
3246244,1562273,1
3255764,1558683,1
3258604,1562273,1
3273414,1552513,1
3277274,1554733,1
3282074,1562273,1
3288534,1562273,1
3300134,1562273,1
3301964,1561323,1
3310524,1556793,1
3310524,1560083,1
3310524,1561323,1
3311034,1562273,1
3323834,1559033,1
3334514,1441413,1
3334514,1552023,1
3334514,1554733,1
3334514,1561323,1
3341584,1564533,1
3343184,1556793,1
3346464,1458053,1
3346464,1550023,1
3346464,1561323,1
3346464,1562273,1
3349014,1425303,1
3349014,1458053,1
3349014,1550023,1
3349014,1550223,1
3349014,1558963,1
3349014,1562273,1
3349014,1562673,1
3349014,1564543,1
3350454,1550663,1
3350454,1562273,1
3354414,1562273,1
3355104,1562673,1
3357444,1561323,1
3364544,1552513,1
3364544,1562673,1
3366694,1402803,1
3366694,1551933,1
3366694,1552513,1
3368634,1554733,1
3370024,1550663,1
3371114,1562273,1
3376764,1564543,1
3383474,1550223,1
3383474,1552023,1
3383474,1554733,1
3387754,1550023,1
3395324,1562673,1
3395724,1550023,1
3395724,1562273,1
3401414,1550663,1
3416904,1556563,1
3419104,1554733,1
3419934,1550173,1
3419934,1561323,1
3430814,1564533,1
3432514,1550223,1
3432514,1562273,1
3433524,1554733,1
3433524,1562273,1
3433524,1564543,1
3433784,1562273,1
3435194,1564543,1
3444144,1561323,1
3444144,1562273,1
3449124,1550223,1
3460964,1561323,1
3469744,1554733,1
3469984,1552023,1
3476334,1562273,1
3480364,1554733,1
3490684,1562273,1
3494664,1562273,1
3496844,1561553,1
3498994,1562273,1
3504484,1550023,1
3504484,1564533,1
3506854,1519603,1
3523394,1561323,1
3526154,1558963,1
3526154,1564543,1
3531704,1562273,1
3542404,1561323,1
3543014,1551933,1
3543014,1566153,1
3543184,1562273,1
3544334,1562273,1
3559364,1554733,1
3562484,1558683,1
3563104,1562273,1
3569074,1554733,1
3571194,1562673,1
3572064,1551933,1
3575384,1554733,1
3575384,1559033,1
3578184,1562273,1
3584184,1554733,1
3585014,1561323,1
3585014,1562273,1
3590904,1441413,1
3590904,1532823,1
3590904,1554733,1
3590904,1562273,1
3592204,1554733,1
3592904,1562273,1
3595824,1559853,1
3595824,1562273,1
3606074,1564543,1
3612854,1552023,1
3623634,1458053,1
3623634,1558683,1
3623634,1562273,1
3643454,1564533,1
3649084,1554733,1
3649084,1562273,1
3649394,1562273,1
3650504,1564533,1
3656914,1550663,1
3661044,1558683,1
3709704,1559033,1
3709704,1562273,1
3712374,1441413,1
3712374,1562273,1
3712984,1562273,1
3734004,1550663,1
3734004,1562673,1
3735474,1550663,1
3738854,1558963,1
3738854,1560083,1
3738854,1562273,1
3738854,1566153,1
3740284,1558963,1
3740284,1564533,1
3745934,1550663,1
3746924,1554733,1
3749334,1564543,1
3754254,1554733,1
3758924,1561323,1
3766074,1425303,1
3766074,1441413,1
3766074,1458053,1
3766074,1532823,1
3766074,1549953,1
3768134,1564543,1
3772984,1562673,1
3780424,1562273,1
3800644,1550663,1
3809554,1557723,1
3809554,1561323,1
3813804,1554733,1
3820284,1562273,1
3836224,1558683,1
3840374,1550663,1
3840384,1556793,1
3847894,1550223,1
3847894,1562273,1
3855794,1561323,1
3859514,1550223,1
3859514,1554733,1
3875454,1556793,1
3877144,1562273,1
3893494,1550663,1
3894394,1562273,1
3906293,1441413,1
3906293,1561323,1
3908743,1562273,1
3909403,1560083,1
3909403,1564543,1
3911413,1458053,1
3911413,1564543,1
3911423,1556483,1
3919843,1564543,1
3949053,1561553,1
3949053,1562273,1
3973893,1562273,1
4000723,1554733,1
4000723,1559033,1
4000723,1562273,1
4003403,1550223,1
4003403,1561323,1
4003403,1562273,1
4005663,1401763,1
4005663,1544273,1
4005663,1550663,1
4005663,1550883,1
4005663,1558683,1
4006453,1566093,1
4009333,1550023,1
4009333,1554733,1
4009333,1562273,1
4009333,1562673,1
4030863,1554733,1
4030863,1562273,1
4098343,1550023,1
4098373,1441413,1
4098373,1458053,1
4098373,1549953,1
4098373,1550173,1
4098373,1550663,1
4098373,1552353,1
4098373,1554733,1
4099513,1559853,1
4100043,1564543,1
4100993,1564533,1
4101863,1441413,1
4101863,1554733,1
4109463,1550223,1
4109463,1562273,1
4112293,1554733,1
4112293,1561323,1
4112543,1556483,1
4118463,1554733,1
4118463,1562273,1
4145433,1564533,1
4150623,1562273,1
4179853,1562273,1
4197113,1562273,1
4197633,1441413,1
4197633,1458053,1
4197633,1550023,1
4197633,1550033,1
4197633,1550223,1
4197633,1552023,1
4201113,1441413,1
4201113,1458053,1
4201113,1549953,1
4201113,1550023,1
4201113,1550173,1
4201113,1550663,1
4201113,1554733,1
4201113,1561323,1
4201113,1562273,1
4201113,1564543,1
4204993,1441413,1
4204993,1561323,1
4224133,1562273,1
4224133,1563763,1
4268433,1550023,1
4268433,1550223,1
4268433,1556793,1
4268433,1561323,1
4268433,1562273,1
4268433,1562673,1
4282373,1550663,1
4284883,1566243,1
4285653,1556793,1
4291733,1550663,1
4301203,1549953,1
4301203,1562673,1
4302213,1554733,1
4303663,1556483,1
4303663,1558683,1
4303663,1562273,1
4303663,1564533,1
4303663,1564543,1
4303663,1566153,1
4312813,1554733,1
4342403,1562273,1
4369533,1562673,1
4390233,1564533,1
4400913,1562273,1
4407803,1562273,1
4410823,1564543,1
4418103,1550663,1
4430133,1441413,1
4430133,1552513,1
4499763,1562273,1
4525733,1550223,1
4525733,1550663,1
4525733,1562273,1
4534213,1551933,1
4544573,1550663,1
4561023,1562273,1
4597283,1550663,1
4597283,1558683,1
4604873,1562273,1
4610033,1550663,1
4610033,1564543,1
4610923,1557723,1
4617673,1554733,1
4617673,1556793,1
4617673,1560083,1
4681133,1562273,1
4703633,1441413,1
4708553,1550663,1
4727463,1562273,1
4727463,1564533,1
4737503,1564543,1
4782953,1566153,1
4783023,1561323,1
4785803,1562273,1
4795783,1550663,1
4795783,1558683,1
4799193,1564533,1
4821213,1554733,1
4821973,1562273,1
4892903,1562273,1
4914923,1550663,1
4923733,1554733,1
4923733,1562273,1
4951253,1562273,1
4971563,1425303,1
4971563,1441413,1
4981003,1554733,1
4981003,1562273,1
4983353,1562273,1
5009073,1441413,1
5009073,1458053,1
5009073,1532823,1
5009073,1549953,1
5009073,1550023,1
5009073,1550223,1
5009073,1550663,1
5009073,1554733,1
5009073,1561323,1
5009073,1562273,1
5010703,1562273,1
5014193,1561323,1
5014193,1562273,1
5050843,1562273,1
5079393,1550663,1
5094433,1554733,1
5114813,1556483,1
5138763,1441413,1
5138763,1550223,1
5138763,1550663,1
5138763,1554733,1
5194623,1556793,1
5196913,1562273,1
5198603,1562273,1
5266563,1563763,1
5276273,1562273,1
5277953,1561323,1
5281343,1556483,1
5281343,1558683,1
5283353,1554733,1
5284493,1561323,1
5296083,1551933,1
5296083,1562273,1
5316843,1554733,1
5362803,1552023,1
5370143,1554733,1
5455203,1554733,1
5459853,1562273,1
5496863,1554733,1
5499683,1564543,1
5522423,1554733,1
5540293,1561323,1
5540803,1562273,1
5546773,1562273,1
5557343,1562673,1
5571193,1561323,1
5611223,1562273,1
5611423,1554733,1
5626933,1559853,1
5630773,1550223,1
5630773,1564533,1
5649403,1458053,1
5649403,1562273,1
5649403,1564543,1
5667773,1562673,1
5675983,1564543,1
5690043,1550663,1
5712303,1561323,1
5714543,1562273,1
5717743,1564533,1
5717743,1564543,1
5730443,1562273,1
5730443,1564533,1
5739233,1562273,1
5739473,1562673,1
5757933,1558683,1
5783603,1550663,1
5783603,1564533,1
5783853,1562273,1
5794163,1554733,1
5805613,1554733,1
5824533,1564533,1
5824533,1564543,1
5827173,1554733,1
5827193,1562273,1
5833223,1554733,1
5833223,1558683,1
5838653,1413763,1
5838653,1422123,1
5838653,1501503,1
5838653,1531823,1
5838653,1550023,1
5838653,1554353,1
5838653,1559043,1
5838653,1562273,1
5838653,1564543,1
5843763,1439833,1
5843763,1441413,1
5843763,1532823,1
5843763,1553593,1
5843763,1562273,1
5880703,1556793,1
5888173,1561323,1
5888923,1558683,1
5893583,1564543,1
5915803,1554733,1
5915883,1558683,1
5920453,1552023,1
5940733,1550663,1
5951383,1550663,1
5965843,1558963,1
5965843,1561323,1
5965843,1562273,1
5971263,1562273,1
5973573,1558683,1
5987903,1425303,1
5987903,1441413,1
5987903,1458053,1
5987903,1550663,1
5987903,1552503,1
5993933,1562273,1
5994103,1562273,1
6009303,1554733,1
6036043,1562673,1
6042503,1554733,1
6087493,1564543,1
6101953,1558683,1
6104853,1562273,1
6116743,1549953,1
6116743,1562273,1
6117913,1550663,1
6117913,1556793,1
6121433,1458053,1
6121433,1564543,1
6125243,1550663,1
6142823,1558683,1
6142823,1562273,1
6159293,1562273,1
6171413,1552023,1
6171413,1562273,1
6198383,1458053,1
6198383,1562273,1
6199793,1429163,1
6199793,1524413,1
6199793,1533963,1
6199793,1554733,1
6199793,1561323,1
6199793,1562273,1
6199903,1562673,1
6200513,1552513,1
6207033,1562273,1
6216613,1562273,1
6216763,1554733,1
6216763,1562273,1
6225513,1561323,1
6260163,1558963,1
6260163,1561513,1
6260603,1554733,1
6262983,1406613,1
6262983,1552503,1
6262983,1554733,1
6262983,1559033,1
6274343,1441413,1
6276673,1550663,1
6276673,1564543,1
6276943,1562273,1
6289773,1550663,1
6314163,1562273,1
6314483,1554733,1
6316243,1544273,1
6316243,1550223,1
6316243,1558683,1
6316243,1564533,1
6324773,1554733,1
6360193,1558683,1
6360333,1561323,1
6364703,1562673,1
6365663,1562273,1
6366753,1562273,1
6371143,1556483,1
6392483,1562273,1
6408433,1561323,1
6413963,1562273,1
6429053,1563763,1
6436673,1562673,1
6482963,1561323,1
6482963,1562273,1
6486793,1561323,1
6487643,1559853,1
6487643,1562273,1
6489143,1441413,1
6489143,1554733,1
6489143,1561323,1
6489143,1562273,1
6499903,1554733,1
6519783,1564543,1
6532203,1562273,1
6543173,1550663,1
6544063,1562273,1
6566083,1556483,1
6566243,1562273,1
6573823,1558683,1
6574133,1554733,1
6576143,1550023,1
6576143,1552023,1
6577433,1441413,1
6577433,1550223,1
6577433,1550663,1
6577433,1563763,1
6578213,1562673,1
6606693,1550033,1
6619823,1556483,1
6625383,1564533,1
6629733,1554733,1
6645303,1401763,1
6645303,1544273,1
6645303,1550663,1
6645303,1551933,1
6645303,1552023,1
6645303,1552423,1
6645303,1552513,1
6645303,1554693,1
6645303,1556483,1
6645303,1556793,1
6645303,1557713,1
6645303,1558683,1
6645303,1558693,1
6645303,1558903,1
6645303,1559043,1
6645303,1559853,1
6645303,1560023,1
6645303,1561093,1
6645303,1561353,1
6645303,1561553,1
6645303,1562273,1
6645303,1562673,1
6645303,1563533,1
6645303,1563763,1
6645303,1564533,1
6645303,1564543,1
6645303,1566093,1
6645303,1566153,1
6645303,1566243,1
6645303,1567203,1
6645303,1567253,1
6645303,1567263,1
6645303,1567673,1
6645303,1567683,1
6650053,1549953,1
6650053,1550023,1
6650053,1550223,1
6650053,1554733,1
6650053,1562273,1
6662253,1562273,1
6665503,1562273,1
6709793,1458053,1
6709793,1550023,1
6709793,1550033,1
6709793,1556793,1
6721583,1558683,1
6723423,1564543,1
6725393,1558683,1
6732493,1558963,1
6736333,1554733,1
6738983,1562273,1
6738983,1562673,1
6742563,1554733,1
6754013,1550223,1
6754013,1561323,1
6754513,1554733,1
6760023,1550663,1
6762193,1562273,1
6771793,1564533,1
6775673,1532823,1
6785613,1554733,1
6785613,1561323,1
6793063,1562673,1
6807673,1550663,1
6807673,1554733,1
6813203,1441413,1
6813203,1552023,1
6816143,1550223,1
6816143,1562273,1
6823653,1562673,1
6827163,1558963,1
6838553,1562673,1
6840613,1555573,1
6844893,1562273,1
6845173,1441413,1
6845173,1550223,1
6845173,1554733,1
6845173,1561513,1
6845173,1562273,1
6845173,1563763,1
6845593,1451973,1
6845593,1554733,1
6845593,1562273,1
6848223,1550023,1
6848223,1562273,1
6848223,1564533,1
6848953,1562273,1
6852733,1562273,1
6856153,1550223,1
6856153,1562273,1
6878623,1550223,1
6878623,1562273,1
6878623,1562673,1
6880873,1563763,1
6893693,1552023,1
6905343,1561553,1
6921533,1560083,1
6921533,1561323,1
6922673,1550663,1
6922673,1559853,1
6922673,1562273,1
6923953,1550663,1
6923953,1552513,1
6927033,1549953,1
6927033,1550223,1
6927033,1557723,1
6927033,1559033,1
6927033,1562273,1
6927033,1562673,1
6932083,1559853,1
6962233,1562273,1
6970063,1562273,1
6976993,1564543,1
6978023,1441413,1
6978023,1550223,1
6978023,1554733,1
6979013,1556793,1
6979013,1562273,1
6979013,1562673,1
6981493,1558683,1
6984493,1538933,1
6985223,1559033,1
6987773,1554733,1
6987773,1556483,1
6987773,1558683,1
6987773,1561553,1
6992533,1562273,1
6992843,1550663,1
6992843,1554733,1
6992843,1556793,1
6992843,1561323,1
6992843,1563763,1
6992843,1564543,1
7010123,1554733,1
7010123,1558963,1
7019383,1558683,1
7021903,1532823,1
7021903,1550223,1
7021903,1562273,1
7021903,1564533,1
7022683,1558963,1
7022683,1562273,1
7022903,1562273,1
7023103,1564533,1
7023103,1564543,1
7023553,1561323,1
7023553,1562273,1
7036433,1566153,1
7068763,1562673,1
7077083,1564543,1
7080523,1554733,1
7086563,1562273,1
7113583,1556793,1
7137913,1559033,1
7141393,1561323,1
7141393,1562273,1
7144213,1562273,1
7145493,1559853,1
7145493,1562273,1
7145493,1566153,1
7164053,1556483,1
7164053,1558683,1
7165783,1554733,1
7199563,1562273,1
7226413,1550663,1
7238293,1554733,1
7247463,1558683,1
7247643,1561553,1
7260673,1561323,1
7261003,1562273,1
7264373,1562273,1
7294233,1562273,1
7311753,1561553,1
7311753,1564543,1
7322283,1564543,1
7329553,1559033,1
7332483,1441413,1
7332483,1562273,1
7336783,1441413,1
7336783,1554733,1
7336783,1562273,1
7337943,1562273,1
7341143,1564533,1
7357453,1550663,1
7366153,1562273,1
7372163,1562273,1
7372163,1564543,1
7377533,1458053,1
7377533,1552513,1
7377533,1561323,1
7377533,1564533,1
7377533,1566153,1
7415493,1556793,1
7415493,1562273,1
7415493,1564533,1
7415493,1564543,1
7433323,1554733,1
7452203,1562273,1
7455333,1561323,1
7456493,1558683,1
7461913,1558683,1
7462493,1562673,1
7467393,1557743,1
7467393,1563763,1
7473523,1425303,1
7473523,1532823,1
7477763,1550663,1
7514303,1544273,1
7514303,1552023,1
7514303,1556793,1
7514303,1557743,1
7514303,1558683,1
7514303,1558963,1
7514303,1561093,1
7514303,1561323,1
7514303,1561553,1
7514303,1562273,1
7514303,1563763,1
7554333,1558963,1
7579813,1561323,1
7579813,1562273,1
7579913,1564533,1
7580913,1554733,1
7586373,1552513,1
7586373,1559033,1
7586373,1560083,1
7586373,1562273,1
7586373,1564533,1
7586373,1564543,1
7590033,1554733,1
7590033,1556483,1
7590033,1558683,1
7592253,1551933,1
7600633,1562273,1
7600633,1562673,1
7602813,1562673,1
7618953,1458053,1
7619033,1562273,1
7621963,1523463,1
7621963,1558683,1
7642793,1564543,1
7644183,1562273,1
7671143,1401853,1
7699073,1562273,1
7703743,1439833,1
7703743,1441413,1
7703743,1550223,1
7703743,1554733,1
7703743,1561323,1
7703743,1562273,1
7706223,1550023,1
7706223,1550033,1
7706223,1550223,1
7706223,1562273,1
7706223,1562673,1
7706223,1564543,1
7708813,1562273,1
7709973,1561323,1
7725553,1556483,1
7739723,1562273,1
7739773,1562273,1
7741543,1562273,1
7742073,1562273,1
7744143,1562273,1
7746223,1554733,1
7747743,1562673,1
7754503,1563763,1
7755153,1550663,1
7755153,1556563,1
7755153,1558683,1
7780583,1554733,1
7780583,1564533,1
7828163,1562673,1
7830913,1554733,1
7836193,1564543,1
7837423,1550663,1
7837423,1561323,1
7840173,1441413,1
7840173,1550223,1
7840173,1562673,1
7842013,1558683,1
7843833,1562273,1
7862613,1562273,1
7911943,1558963,1
7941243,1401763,1
7941243,1441413,1
7941243,1458053,1
7941243,1523463,1
7941243,1544273,1
7941243,1547463,1
7941243,1550023,1
7941243,1556483,1
7941243,1558683,1
7941243,1562673,1
7950983,1458053,1
7950983,1549953,1
7950983,1550663,1
7950983,1552513,1
7950983,1556483,1
7950983,1561553,1
7950983,1562273,1
7961113,1552023,1
7961113,1564543,1
7964873,1554733,1
7965263,1562273,1
7969033,1554733,1
7972633,1562273,1
7981953,1562273,1
7981953,1564543,1
7982983,1562273,1
7982983,1564543,1
8052943,1458053,1
8052943,1554733,1
8069533,1558683,1
8072643,1532823,1
8072643,1554733,1
8073293,1562273,1
8103663,1562273,1
8104113,1562273,1
8110533,1564533,1
8120533,1564533,1
8127163,1561323,1
8148193,1550663,1
8155123,1566153,1
8184213,1550663,1
8192983,1441413,1
8192983,1550173,1
8192983,1550223,1
8192983,1561323,1
8192983,1562273,1
8195473,1532823,1
8195473,1550663,1
8195473,1554733,1
8195473,1562273,1
8199643,1557723,1
8199643,1563763,1
8206513,1554733,1
8223603,1562273,1
8224033,1550663,1
8224293,1561553,1
8224433,1554733,1
8224483,1552023,1
8227393,1559033,1
8230103,1554733,1
8230103,1561323,1
8246883,1554733,1
8267423,1561323,1
8282863,1558683,1
8298463,1558963,1
8307703,1563763,1
8314813,1561553,1
8315743,1560083,1
8319453,1554733,1
8319453,1559033,1
8319453,1560083,1
8319453,1562273,1
8319453,1564533,1
8319453,1564543,1
8325363,1562673,1
8327443,1564543,1
8328863,1562673,1
8345663,1562273,1
8346283,1564533,1
8348083,1441413,1
8348083,1552023,1
8348083,1558963,1
8369183,1550223,1
8369183,1554733,1
8425953,1550663,1
8428073,1550663,1
8428073,1562273,1
8428323,1404413,1
8428323,1418653,1
8429413,1441413,1
8429413,1552513,1
8430383,1564533,1
8435823,1560083,1
8439343,1550223,1
8439343,1564533,1
8444083,1562673,1
8446603,1458053,1
8446603,1562673,1
8449013,1557723,1
8449013,1558963,1
8449013,1559033,1
8449013,1562273,1
8459533,1564533,1
8460383,1558683,1
8466333,1550023,1
8466333,1554733,1
8466333,1556793,1
8466333,1558683,1
8478073,1441413,1
8478073,1554733,1
8478073,1563763,1
8484563,1409253,1
8484563,1500193,1
8484563,1521843,1
8484563,1550223,1
8532413,1562273,1
8533023,1562273,1
8533893,1425303,1
8533893,1552513,1
8533893,1558963,1
8533893,1562273,1
8542313,1554733,1
8566893,1550663,1
8570423,1550663,1
8571963,1562273,1
8603173,1554733,1
8616763,1562673,1
8618183,1556483,1
8618183,1558683,1
8619063,1552023,1
8634443,1562273,1
8636943,1554733,1
8661573,1406613,1
8661573,1458053,1
8661573,1527133,1
8661573,1536033,1
8661573,1542273,1
8661573,1550663,1
8661573,1556563,1
8661573,1564533,1
8661573,1564543,1
8674143,1550663,1
8674143,1561323,1
8674143,1562273,1
8726303,1554733,1
8737003,1562273,1
8739543,1562273,1
8739913,1559033,1
8747933,1554733,1
8749343,1544273,1
8749343,1558683,1
8749433,1562273,1
8753143,1562273,1
8762813,1562273,1
8788233,1562673,1
8797843,1561323,1
8803943,1554733,1
8803943,1556793,1
8805053,1564543,1
8805793,1554733,1
8806143,1564543,1
8806403,1523463,1
8806403,1550663,1
8806403,1552023,1
8806403,1552513,1
8806403,1556483,1
8806403,1558683,1
8806403,1564543,1
8806633,1562273,1
8806633,1562673,1
8809153,1554733,1
8820923,1558683,1
8836573,1564533,1
8842683,1562273,1
8844673,1554733,1
8845133,1561323,1
8845133,1562273,1
8851403,1562273,1
8853313,1564543,1
8853403,1550663,1
8853403,1552023,1
8853403,1564533,1
8882593,1404363,1
8882593,1523463,1
8882593,1544273,1
8882593,1550883,1
8882593,1556483,1
8882593,1558683,1
8883373,1562673,1
8885313,1561323,1
8886663,1458053,1
8886663,1550223,1
8886663,1558683,1
8894343,1556483,1
8895433,1564533,1
8912743,1562673,1
8921313,1562273,1
8924593,1556483,1
8924593,1558683,1
8929893,1556793,1
8936323,1556483,1
8936323,1558683,1
8957623,1562273,1
8963213,1562273,1
8964763,1562273,1
8965803,1554733,1
8965803,1562273,1
9001653,1562273,1
9001963,1439303,1
9001963,1446833,1
9001963,1503753,1
9001963,1542273,1
9001963,1554733,1
9001993,1554733,1
9006653,1562273,1
9019473,1561323,1
9025473,1562273,1
9039603,1560083,1
9040613,1554733,1
9042533,1556793,1
9042533,1559033,1
9042533,1561323,1
9042533,1562273,1
9047033,1562673,1
9047583,1558683,1
9047583,1562273,1
9051363,1550663,1
9054813,1558683,1
9055093,1562273,1
9057853,1554733,1
9066163,1441413,1
9069933,1566153,1
9070373,1562673,1
9082833,1556483,1
9091123,1554733,1
9093393,1564533,1
9099303,1550223,1
9099303,1562273,1
9100973,1556483,1
9102433,1550663,1
9104323,1550223,1
9104323,1561323,1
9109973,1562273,1
9130033,1554733,1
9131183,1562273,1
9131223,1458053,1
9131223,1554733,1
9141643,1561323,1
9143013,1566153,1
9149823,1550663,1
9149823,1560083,1
9152363,1456883,1
9152363,1563533,1
9152713,1567263,1
9168083,1561323,1
9168083,1562273,1
9169183,1559853,1
9170173,1563763,1
9182843,1552023,1
9183333,1564533,1
9185793,1554733,1
9185793,1562273,1
9187833,1561323,1
9189013,1550023,1
9205403,1558683,1
9221033,1524413,1
9221033,1545553,1
9221033,1550223,1
9221033,1562673,1
9222583,1562273,1
9223713,1558683,1
9228623,1556563,1
9228623,1562273,1
9231093,1552023,1
9231853,1562273,1
9234423,1562273,1
9239233,1550223,1
9239233,1562273,1
9251933,1558963,1
9263703,1558683,1
9263903,1556793,1
9264753,1554733,1
9264753,1561323,1
9265323,1564543,1
9265433,1552023,1
9267343,1564543,1
9268083,1550023,1
9268083,1562273,1
9268083,1564533,1
9269073,1554733,1
9269073,1562273,1
9269463,1556563,1
9270803,1556483,1
9287763,1564533,1
9288763,1554733,1
9290403,1550663,1
9302183,1562673,1
9305153,1562273,1
9305983,1441413,1
9305983,1550223,1
9305983,1550663,1
9305983,1554733,1
9306993,1562273,1
9309793,1550223,1
9309793,1562273,1
9310153,1556483,1
9310153,1562273,1
9310153,1564533,1
9310303,1458053,1
9310303,1554733,1
9310763,1563763,1
9313573,1554733,1
9315693,1550663,1
9322853,1554733,1
9327283,1441413,1
9327283,1554733,1
9327283,1562673,1
9327713,1562273,1
9328303,1545293,1
9328703,1550663,1
9329363,1564533,1
9333303,1554733,1
9337423,1554733,1
9337423,1562673,1
9337563,1550223,1
9337563,1562673,1
9337563,1564543,1
9338383,1551933,1
9338383,1564533,1
9339023,1562273,1
9339273,1562273,1
9341673,1554733,1
9343813,1562673,1
9345593,1554733,1
9345593,1558683,1
9345593,1559853,1
9345593,1562273,1
9354963,1562273,1
9356873,1441413,1
9356873,1550223,1
9356873,1562273,1
9367023,1441413,1
9367023,1554733,1
9367883,1550023,1
9367883,1563763,1
9370383,1552513,1
9372133,1563763,1
9372323,1562273,1
9372393,1505133,1
9372393,1549953,1
9372393,1554733,1
9372393,1556793,1
9372393,1559033,1
9372393,1561323,1
9373333,1554733,1
9379903,1562273,1
9380443,1562273,1
9382523,1562273,1
9384083,1558683,1
9385473,1564543,1
9386013,1558683,1
9387403,1550223,1
9387403,1562273,1
9387563,1561323,1
9389263,1563763,1
9395943,1554733,1
9395943,1561323,1
9396563,1550223,1
9396563,1561553,1
9396563,1562273,1
9396583,1552023,1
9396723,1550223,1
9396723,1561323,1
9401003,1562273,1
9407713,1558683,1
9408933,1554733,1
9419063,1562273,1
9419133,1562273,1
9422743,1552023,1
9422743,1562273,1
9422983,1562273,1
9428533,1562273,1
9429443,1563763,1
9431023,1458053,1
9431023,1552023,1
9431023,1562273,1
9432923,1561323,1
9435693,1441413,1
9435693,1458053,1
9435693,1524273,1
9435693,1563763,1
9435693,1564543,1
9436303,1425303,1
9436303,1458053,1
9436303,1542273,1
9436303,1559033,1
9436303,1561323,1
9438053,1562273,1
9438283,1559853,1
9438333,1550663,1
9449933,1532823,1
9449933,1564533,1
9452833,1554733,1
9458793,1554733,1
9461243,1558683,1
9462333,1441413,1
9462333,1458053,1
9462333,1549953,1
9462333,1550023,1
9462333,1550223,1
9462333,1554733,1
9462333,1561553,1
9462533,1564543,1
9463733,1550663,1
9466233,1561323,1
9471883,1561323,1
9472343,1403903,1
9472343,1441413,1
9472343,1457243,1
9472343,1523263,1
9472343,1550223,1
9472343,1558693,1
9472343,1562273,1
9472723,1562273,1
9474483,1562273,1
9474483,1562673,1
9474483,1564533,1
9474943,1556793,1
9474943,1562273,1
9476123,1441413,1
9487203,1441413,1
9487203,1550223,1
9487203,1551913,1
9487203,1552503,1
9487203,1562273,1
9489333,1559853,1
9489723,1558683,1
9492923,1441413,1
9492923,1564543,1
9493073,1562273,1
9495083,1552023,1
9495953,1562273,1
9501763,1441413,1
9501763,1563763,1
9504543,1562273,1
9507183,1550663,1
9508883,1558963,1
9508993,1444633,1
9508993,1543423,1
9508993,1545553,1
9509003,1562673,1
9509873,1561323,1
9509873,1564533,1
9510743,1552023,1
9510743,1559853,1
9510743,1563763,1
9513153,1550023,1
9513153,1557723,1
9513153,1562273,1
9513153,1564543,1
9515743,1550023,1
9515743,1550223,1
9515743,1552503,1
9515743,1564543,1
9516093,1564533,1
9516093,1564543,1
9518103,1556793,1
9518523,1562673,1
9519213,1554733,1
9521173,1550223,1
9521173,1554733,1
9521183,1552513,1
9521933,1562273,1
9521933,1563763,1
9521953,1552513,1
9522493,1550663,1
9522493,1562273,1
9522553,1552023,1
9522553,1554733,1
9523603,1562273,1
9524033,1552023,1
9524083,1554733,1
9524603,1562673,1
9524683,1552513,1
9524743,1458053,1
9525723,1562273,1
9525723,1563763,1
9525843,1554733,1
9525843,1561323,1
9526023,1558683,1
9526073,1559853,1
9526073,1563763,1
9526073,1564543,1
9526263,1554733,1
