162732,1564543,1
282577,1567203,1
300197,1554733,1
2014860,1554733,1
2791691,1562673,1
3189544,1556793,1
3277274,1554733,1
3300134,1562273,1
3349014,1562273,1
3366694,1551933,1
3469984,1552023,1
3543224,1562673,1
3592904,1562273,1
3595824,1562273,1
3740284,1564533,1
3875454,1556793,1
4009333,1562673,1
4201113,1562273,1
5094433,1554733,1
5540293,1561323,1
5893583,1564543,1
6104853,1562273,1
6260603,1554733,1
6274343,1441413,1
6923953,1552513,1
6978023,1554733,1
7592253,1551933,1
7755153,1550663,1
7837423,1561323,1
7840173,1441413,1
8228413,1564543,1
8429413,1441413,1
8449013,1559033,1
8494153,1554733,1
8559453,1559043,1
8619063,1532823,1
8912743,1562673,1
9047583,1562273,1
9109973,1562273,1
9109973,1563763,1
9152363,1456883,1
9230963,1554733,1
9422743,1552023,1
9438333,1550663,1
9476123,1441413,1
9490593,1556563,1
9493073,1550223,1
9493073,1562273,1
9513153,1562273,1
