194848,1388033,3
2118662,1388033,4
3026171,1388033,3
3097905,1388033,3
3167585,1388033,1
3392114,1388033,4
4516413,1388033,3
5888983,1388033,5
6293163,1388033,4
6686563,1388033,5
7197363,1388033,5
7369513,1388033,4
8559453,1388033,5
8723043,1388033,5
8732703,1388033,4
8903283,1388033,5
8964763,1388033,3
9151543,1388033,5
9154483,1388033,4
2133072,1391143,5
5460823,1391143,5
8734843,1391143,3
2910621,1391273,3
3097905,1391273,4
3145485,1391273,5
3769204,1391273,5
4728833,1391273,4
5164133,1391273,5
6583623,1391273,3
7710643,1391273,5
8750683,1391273,4
8890673,1391273,3
9189953,1391273,3
194848,1391283,5
8559913,1391283,4
8734843,1391283,4
3207004,1392143,5
9139683,1392143,4
9163933,1392143,4
3037651,1392213,4
2133072,1392223,5
2541122,1392223,4
8085003,1392223,5
3231774,1401283,5
3366694,1401773,4
4895233,1401803,4
7755153,1401833,5
3366694,1401853,5
5544463,1401853,5
7643093,1401853,3
7136903,1402433,3
3291044,1402553,3
3697324,1402553,5
8559453,1402553,3
3366694,1402563,4
5641953,1402563,4
7197363,1402563,4
8208453,1402563,3
9189953,1402563,3
273743,1402803,5
3611404,1402803,5
3840384,1402803,5
4030843,1402803,5
5496863,1402803,4
5544463,1402803,5
5651693,1402803,5
6216833,1402803,2
6327943,1402803,4
6852733,1402803,5
7579203,1402803,4
7643093,1402803,3
8162823,1402803,5
8559453,1402803,5
8576363,1402803,5
8793843,1402803,4
9039443,1402803,3
9328303,1402803,4
9396563,1402803,4
1010424,1402823,3
8738583,1402823,1
270716,1403693,1
1008003,1403693,5
2012232,1403693,4
3097905,1403693,1
3467824,1403693,1
3501954,1403693,4
3611404,1403693,5
5499503,1403693,3
6293163,1403693,3
6672083,1403693,3
6918523,1403693,4
8131633,1403693,2
8559453,1403693,5
8723983,1403693,2
8738583,1403693,3
9151543,1403693,3
199312,1403873,4
4411173,1403873,3
6386153,1403873,5
9062063,1403873,4
2182162,1403903,5
3016131,1403903,5
3366694,1403903,4
5703773,1403903,4
6320523,1403903,3
6534163,1403903,5
7643093,1403903,2
8085003,1403903,4
8738583,1403903,3
8890673,1403903,1
8226433,1404073,4
9108613,1404073,3
2000798,1404363,5
3191134,1404363,2
3226694,1404363,5
6572173,1404363,4
8085003,1404363,4
5079873,1404373,2
8478073,1404373,4
3319934,1404413,5
5079873,1404413,1
7980523,1404413,3
1019873,1404553,4
7182443,1404553,3
9229323,1404553,2
3229644,1404573,4
3366744,1404573,3
3387704,1404573,4
3749334,1404573,5
5544463,1404573,5
6573203,1404573,1
7023163,1404573,5
8141893,1404573,5
8226433,1404573,3
8439173,1404573,5
8793843,1404573,4
2182162,1404583,5
6918523,1404583,4
7197363,1404583,5
6014323,1405583,5
1010424,1405603,5
7136903,1405613,3
9001963,1405613,4
8157203,1405633,3
4834403,1405663,5
1010424,1405673,3
7643093,1405673,2
3311114,1406503,2
8097143,1406503,5
8438323,1406503,3
8890673,1406503,3
9151613,1406503,5
5282763,1406543,1
7588983,1406543,3
4772573,1406603,2
273743,1406613,3
2000798,1406613,5
3576994,1406613,5
3893494,1406613,4
4278593,1406613,5
4772573,1406613,4
5730443,1406613,4
6014893,1406613,4
6290573,1406613,4
6534163,1406613,3
6598073,1406613,3
6993953,1406613,4
7229243,1406613,4
7519533,1406613,5
7579203,1406613,4
7662713,1406613,3
7836593,1406613,4
8084433,1406613,5
8085003,1406613,5
8307773,1406613,3
8559033,1406613,3
8723043,1406613,5
8750823,1406613,1
9037973,1406613,5
9039703,1406613,5
9288713,1406613,3
9384643,1406613,4
9469603,1406613,4
413776,1407613,5
3843074,1407613,3
6755053,1407613,5
7710643,1407613,3
7980523,1407893,4
8683593,1407893,5
2906341,1408013,3
3173315,1408013,1
3753554,1408013,4
5502523,1408013,2
6014893,1408013,3
6532783,1408013,5
6572173,1408013,2
7952253,1408013,3
8738583,1408013,4
8751443,1408013,3
7980523,1408183,4
2129522,1409113,4
2048392,1409183,2
6317773,1409183,3
199312,1409253,4
270716,1409253,4
2314522,1409253,4
2345182,1409253,3
2674182,1409253,4
3562164,1409253,4
3897614,1409253,4
6420113,1409253,5
6480173,1409253,3
6668193,1409253,4
6672083,1409253,3
7559163,1409253,5
7956743,1409253,3
8319453,1409253,4
8438323,1409253,3
8734843,1409253,3
1010197,1410453,5
1022562,1410453,4
2174442,1410453,4
2687282,1410453,4
3479174,1410453,3
4626313,1410453,3
5280163,1410453,5
8890673,1410453,4
9150863,1410453,5
9268083,1410453,5
5280163,1410513,4
6572173,1410513,3
3291044,1410523,2
5280163,1410523,5
1000125,1410583,5
1023517,1410583,5
2002049,1410583,5
2025172,1410583,4
3026171,1410583,5
3291044,1410583,5
4411173,1410583,5
4516413,1410583,2
4626313,1410583,4
5280163,1410583,5
5388403,1410583,4
6014893,1410583,4
6420113,1410583,5
6598073,1410583,5
7322283,1410583,5
8801103,1410583,5
9037973,1410583,2
9151613,1410583,5
3057011,1410653,2
8085003,1410653,2
8801103,1410653,4
302759,1410693,4
3097905,1410693,3
6572173,1410693,2
7322283,1410693,5
8936813,1410703,5
9268083,1410703,4
4517483,1410713,1
7322283,1410713,5
8797293,1410713,4
181838,1410723,5
3058971,1410723,2
5319133,1410723,4
7322283,1410723,5
9098973,1410723,4
2129522,1410753,1
5544463,1410753,5
6054443,1410753,4
7111913,1410753,5
7136903,1410753,4
404446,1410763,5
6891313,1410763,5
7322283,1410763,5
8738583,1410763,3
322056,1410773,2
293341,1410863,2
6686563,1410863,5
6842723,1410863,4
7111913,1410863,5
7322283,1410863,5
7980523,1410863,4
8189753,1410863,4
8478073,1410863,3
8800403,1410863,5
8890673,1410863,3
322056,1411503,3
4626313,1411503,2
3057011,1412263,3
7831993,1412263,3
8205313,1412263,4
8843813,1412263,5
4626313,1412473,2
4882893,1412473,5
3820924,1412483,4
6678033,1412483,4
7111913,1412483,5
7699073,1412483,4
8732703,1412483,4
4882893,1412833,5
1023517,1412863,4
6043203,1412863,4
8964763,1412863,3
322056,1413493,4
8843813,1413493,2
3026171,1413503,3
8843813,1413503,3
8801103,1413563,5
1040727,1413693,3
5299173,1413693,4
6572173,1413693,3
6794243,1413693,3
3238114,1413703,4
4882893,1413703,5
9268083,1413763,5
2855662,1413813,3
3125485,1413813,5
3186504,1413813,4
3277274,1413813,3
3820924,1413813,2
3922703,1413813,4
4031083,1413813,4
4617873,1413813,5
6431623,1413813,5
7076993,1413813,5
7237693,1413813,4
7579203,1413813,4
7711583,1413813,5
7862933,1413813,3
7949373,1413813,2
7952253,1413813,4
8680493,1413813,5
8736923,1413813,4
8964763,1413813,4
9047023,1413813,4
9189523,1413813,5
9218613,1413813,4
9288713,1413813,4
9328303,1413813,5
258035,1414023,2
2002031,1414023,2
2993091,1414023,2
3100455,1414023,5
3101805,1414023,4
3229644,1414023,4
3366694,1414023,2
3611404,1414023,3
6121813,1414023,5
6672083,1414023,4
8085003,1414023,3
9151543,1414023,1
9186143,1414023,2
2002031,1414033,3
3366764,1415113,3
7111913,1415443,5
3029701,1415903,2
3500134,1415903,4
3504114,1415903,1
5544463,1415903,5
9151613,1415903,5
9184163,1415903,3
299647,1416883,5
1040727,1416883,5
3018711,1416883,5
6420113,1416883,5
7112593,1416883,4
8734843,1416883,5
9110113,1416883,5
3920253,1417443,5
8319033,1417443,4
2314522,1418653,4
3366764,1418653,2
3397504,1418653,3
5502523,1418653,3
6320523,1418653,2
6525543,1418653,5
6898513,1418653,3
7588943,1418653,5
7830353,1418653,4
7980523,1418653,3
8096193,1418653,5
3366764,1418893,4
5502523,1418893,4
6665763,1418893,4
8085003,1418893,5
8226433,1418893,5
9268083,1418893,3
4834403,1419933,5
7606363,1419933,4
1010424,1420033,5
9229543,1420033,3
302759,1422123,4
3791684,1422123,4
4411173,1422123,4
5868353,1422123,5
6170153,1422123,5
7136903,1422123,3
299647,1422973,5
1019873,1422973,4
3018711,1422973,5
3291044,1422973,5
3442744,1422973,4
6043203,1422973,3
6572173,1422973,4
6665273,1422973,4
7322283,1422973,5
7827103,1422973,4
8226433,1422973,5
8251843,1422973,3
8319453,1422973,4
8478073,1422973,4
8562683,1422973,4
8690023,1422973,4
8734843,1422973,5
6170153,1423003,5
6678033,1423003,5
7322283,1423003,5
9108613,1423003,3
3101805,1423053,4
3479174,1423053,2
4834403,1423053,3
8438323,1423053,3
3757304,1423833,4
4114383,1423833,3
4834403,1423833,5
9135763,1423833,5
9189953,1423833,3
267080,1424123,4
2800631,1424123,5
3501954,1424123,5
3606074,1424123,5
4127663,1424123,4
4516413,1424123,2
5292253,1424123,5
5913993,1424123,5
6293163,1424123,4
6686563,1424123,5
7182443,1424123,3
7276843,1424123,5
7480143,1424123,2
8435403,1424123,4
8559453,1424123,5
9150863,1424123,4
9223093,1424123,3
9232043,1424123,5
9327793,1424123,4
9345873,1424123,5
8559453,1424133,5
273743,1424153,2
1015010,1424153,1
1038050,1424153,1
2632372,1424153,2
2871542,1424153,5
2930571,1424153,5
3026071,1424153,5
3148245,1424153,3
3665164,1424153,3
3681084,1424153,2
4381423,1424153,3
4738673,1424153,4
5112613,1424153,3
5888983,1424153,4
6692413,1424153,3
7116393,1424153,4
7711583,1424153,5
7862933,1424153,4
7949373,1424153,3
7980523,1424153,4
8226433,1424153,5
8376473,1424153,4
8627483,1424153,4
8637013,1424153,5
8749503,1424153,5
8936813,1424153,5
8964763,1424153,3
9150863,1424153,4
8559453,1424163,4
2632372,1424183,3
2791161,1424183,2
2993091,1424183,2
3101805,1424183,3
3116975,1424183,5
3442744,1424183,3
3500134,1424183,2
3697324,1424183,5
4457633,1424183,5
6572173,1424183,3
6591583,1424183,1
6599623,1424183,5
6775213,1424183,1
7643093,1424183,1
7711583,1424183,4
7949373,1424183,2
8559453,1424183,5
8593843,1424183,5
9098973,1424183,4
299647,1424203,5
7707683,1424203,4
9268083,1424203,2
8559453,1424223,5
281102,1424253,4
299647,1424253,5
3221524,1424253,2
4738673,1424253,1
7827103,1424253,4
9288713,1424253,2
1010424,1424283,5
1015010,1424283,2
2405611,1424283,4
3241624,1424283,5
4786043,1424283,3
5496863,1424283,4
5544463,1424283,4
6327943,1424283,4
6542943,1424283,3
6762953,1424283,3
7112593,1424283,4
7643093,1424283,4
8559453,1424283,5
8576363,1424283,4
8738583,1424283,2
8882183,1424283,3
9229543,1424283,3
9267243,1424283,5
9340873,1424283,3
4000723,1424443,5
286404,1425303,4
322056,1425303,4
322898,1425303,4
1008003,1425303,5
2189092,1425303,4
2995941,1425303,3
3069401,1425303,5
3094741,1425303,2
3186504,1425303,3
3226694,1425303,4
3307484,1425303,4
3366694,1425303,3
3366744,1425303,3
3387704,1425303,3
3452134,1425303,4
3531314,1425303,2
3611404,1425303,4
3620134,1425303,4
3665164,1425303,4
3681084,1425303,4
3749334,1425303,4
3766074,1425303,2
3801714,1425303,1
3807234,1425303,5
4099513,1425303,3
5112613,1425303,4
5544463,1425303,5
5706433,1425303,3
5730443,1425303,3
6310903,1425303,3
6686563,1425303,4
6852733,1425303,5
6927843,1425303,5
7182443,1425303,4
7197363,1425303,3
7579203,1425303,4
7711583,1425303,5
7836593,1425303,3
8141893,1425303,5
8226433,1425303,4
8426713,1425303,3
8492243,1425303,5
8731053,1425303,5
9167233,1425303,4
9473123,1425303,3
7980523,1426063,4
8738583,1426443,2
6572173,1426603,2
1009464,1429163,5
3291044,1429163,4
3712224,1429163,1
6647283,1429163,5
8733773,1429203,4
9151613,1429203,5
1349352,1431623,5
2000367,1431623,4
8957623,1431623,3
297692,1432393,2
9184983,1432393,3
3504484,1432843,5
5292253,1432843,5
7949373,1432843,4
9223093,1432843,4
4834403,1433353,5
7980523,1433353,4
2314522,1433393,4
3479174,1433393,2
7980523,1433393,2
9218413,1433393,4
1012338,1434273,3
4002913,1434273,3
8734843,1434273,3
9039703,1434273,4
8890673,1434283,4
311041,1434393,5
1010424,1434393,5
2674182,1434393,4
3003551,1434393,3
4716013,1434393,5
5164133,1434393,4
6014323,1434393,5
6525543,1434393,3
6599623,1434393,5
8157203,1434393,4
8478073,1434393,5
9189953,1434393,3
7619053,1435413,2
8964763,1435413,2
2791161,1435493,3
3062291,1435493,3
3116975,1435493,4
3697324,1435493,5
6323643,1435493,4
8226433,1435493,4
8895033,1435493,4
8964763,1435493,4
9223093,1435493,3
9232043,1435493,5
3920253,1436033,4
291313,1436133,5
8478073,1436133,5
8618163,1436133,5
8836573,1436133,4
8973743,1436133,4
3064801,1436183,4
3291044,1436183,4
7120813,1436183,4
6647923,1436193,5
7643093,1436203,1
8627483,1436203,5
3291044,1436223,1
1010424,1436343,4
2319342,1436343,2
3064801,1436343,4
3366694,1436343,5
3366764,1436343,3
4002913,1436343,3
4289173,1436343,3
5292253,1436343,5
5496863,1436343,5
6317773,1436343,4
6431623,1436343,4
7058223,1436343,5
7347603,1436343,4
7980523,1436343,5
8738583,1436343,3
8890673,1436343,2
9204573,1436343,4
1010424,1438423,4
1022562,1438423,4
2133362,1438423,3
2319342,1438423,5
2405611,1438423,3
3064801,1438423,3
3241624,1438423,5
3329934,1438423,2
3746864,1438423,3
3749334,1438423,4
3798084,1438423,5
4784283,1438423,3
5236863,1438423,4
5544463,1438423,5
6293163,1438423,4
6327943,1438423,3
7023163,1438423,5
7197363,1438423,3
7353693,1438423,4
7643093,1438423,5
8558893,1438423,4
8576363,1438423,4
9088293,1438423,2
9340873,1438423,4
9492923,1438423,5
3219944,1438543,5
4009013,1438543,4
5502523,1438543,3
8478073,1438543,1
8738583,1438543,3
8805583,1438543,4
6572173,1438563,3
6573203,1438563,3
9288713,1438563,3
3069401,1438623,1
3479174,1438643,3
3479174,1438653,2
7980523,1438673,2
8738583,1438673,2
291313,1439303,4
4114383,1439303,4
4834403,1439303,5
6839343,1439303,3
7463803,1439303,4
7482583,1439303,4
7950603,1439303,4
3018711,1439323,5
5164133,1439323,5
5730443,1439323,3
6572173,1439323,3
7827103,1439323,3
8157203,1439323,4
8733773,1439323,4
9096763,1439323,4
299647,1439833,2
7023553,1439833,4
7587763,1439833,3
9011753,1439833,4
3219944,1439913,5
9328303,1439913,4
4516413,1440463,3
8122503,1440483,5
264464,1441413,3
286404,1441413,5
302759,1441413,4
322898,1441413,4
1006563,1441413,4
1022562,1441413,3
2335532,1441413,3
2802481,1441413,5
2855662,1441413,4
3041021,1441413,4
3064801,1441413,4
3068891,1441413,5
3094741,1441413,3
3291044,1441413,5
3298974,1441413,5
3307484,1441413,4
3392134,1441413,5
3681084,1441413,5
3766074,1441413,4
3801714,1441413,2
3842124,1441413,3
3875454,1441413,3
3919073,1441413,4
3922703,1441413,5
4109463,1441413,4
4544573,1441413,3
5009073,1441413,5
5112613,1441413,4
5164133,1441413,5
5178733,1441413,4
5273003,1441413,4
5329553,1441413,4
5544463,1441413,5
5717743,1441413,2
6386153,1441413,4
6577433,1441413,5
6599623,1441413,4
6756263,1441413,5
7355823,1441413,3
7579203,1441413,4
7590503,1441413,5
7619053,1441413,3
7703743,1441413,3
7755153,1441413,5
8067763,1441413,5
8226433,1441413,4
8426713,1441413,4
8559453,1441413,4
8683343,1441413,5
8733443,1441413,5
8734843,1441413,4
8738583,1441413,3
8742603,1441413,4
8958443,1441413,5
9062063,1441413,4
9179303,1441413,3
9189953,1441413,4
9302183,1441413,5
9350733,1441413,5
9386013,1441413,4
9437833,1441413,5
9469603,1441413,5
9472573,1441413,5
9492923,1441413,5
199312,1442163,4
292173,1442163,5
2314522,1442163,2
2541122,1442163,4
3143955,1442163,1
3148245,1442163,4
3291044,1442163,5
3397664,1442163,2
3479174,1442163,4
3485324,1442163,4
3496554,1442163,4
3725344,1442163,4
4114383,1442163,3
4309933,1442163,1
4374573,1442163,5
5164133,1442163,4
5626933,1442163,3
6026933,1442163,5
6579513,1442163,3
6591583,1442163,3
7112593,1442163,4
7144683,1442163,5
7166813,1442163,5
7229243,1442163,1
7414293,1442163,4
7463053,1442163,5
8184213,1442163,3
8478073,1442163,4
8683343,1442163,5
9107643,1442163,4
9229543,1442163,2
9302183,1442163,3
291313,1442203,4
3497044,1442203,5
2917981,1442223,5
6420113,1442223,5
9420133,1442223,5
9428453,1442223,1
3497044,1442253,2
4784283,1442253,1
7980523,1442253,4
8084433,1442253,1
8559033,1442253,4
2150332,1442513,4
3629194,1442513,5
6688933,1442513,4
6695413,1442513,3
7643093,1442513,3
9150863,1442513,4
9370043,1442513,3
5544463,1442633,5
199312,1443203,4
2314522,1443203,3
3291044,1443203,5
3846024,1443203,5
5833133,1443203,4
6572173,1443203,4
7980523,1443203,4
8401303,1443203,4
3442744,1443243,4
6386153,1443243,5
8478073,1443243,4
3891544,1444633,4
5499503,1444633,4
9184983,1444633,4
3842124,1445993,3
6661833,1445993,3
7415493,1445993,4
267080,1446033,4
299647,1446033,3
2235522,1446033,5
6561383,1446033,3
6727973,1446033,5
9174843,1446033,4
4516413,1446713,4
2048392,1448723,3
3287474,1448723,3
267080,1448833,4
1000263,1448833,4
3016131,1448833,4
3219264,1448833,5
6525543,1448833,5
7468013,1448833,3
8073453,1448833,2
8724753,1448833,5
9338383,1448833,4
2002049,1450243,5
6989293,1450503,5
7355823,1450503,4
7755153,1451343,5
8736903,1451343,3
9189953,1451343,3
1019841,1451663,5
2274082,1451663,3
6686563,1451663,4
6863363,1451663,5
9189953,1451663,3
404446,1451733,5
1019873,1451733,4
5499503,1451733,5
6323643,1451733,4
9184983,1451733,3
9253623,1451733,5
8157203,1451763,3
4278593,1451953,1
8738583,1451953,3
200444,1451973,4
256035,1451973,4
410613,1451973,5
1008003,1451973,5
1019873,1451973,5
1020189,1451973,3
1021631,1451973,1
2939341,1451973,1
3016131,1451973,4
3229644,1451973,3
3562164,1451973,4
3681084,1451973,3
3714744,1451973,3
4030843,1451973,5
4289173,1451973,4
5109553,1451973,4
5460353,1451973,3
5544463,1451973,5
6216833,1451973,4
6561383,1451973,3
6760023,1451973,5
6790113,1451973,4
6829773,1451973,3
6839343,1451973,2
6980063,1451973,4
7323593,1451973,5
7369513,1451973,3
8226433,1451973,5
8558893,1451973,4
8677863,1451973,3
8690023,1451973,4
8751443,1451973,3
8957623,1451973,4
8958213,1451973,5
9340873,1451973,4
9457873,1451973,4
9492923,1451973,5
3531734,1452593,4
6525543,1452593,5
6627243,1452593,4
6678033,1452593,5
3337234,1453693,3
5319133,1453693,3
8085003,1453693,5
8627483,1453693,4
9148163,1453693,5
3397664,1454723,1
2132652,1454913,5
3419934,1454913,5
3587154,1454913,5
5838653,1454913,5
6525543,1454913,5
8086873,1454913,5
9189953,1454913,3
3454984,1455843,1
3614304,1455843,4
5710873,1455843,3
6444193,1455843,3
5544463,1456883,5
6901803,1456883,4
9184163,1456883,4
9189953,1456883,3
9288713,1457063,2
8610423,1457243,4
3366694,1457263,4
9471913,1457263,4
299647,1458053,5
2430331,1458053,4
2612022,1458053,5
2770441,1458053,4
2802481,1458053,4
3298974,1458053,5
3307484,1458053,4
3353294,1458053,4
3366904,1458053,4
3665164,1458053,5
3766074,1458053,4
3875454,1458053,4
4977383,1458053,5
5009073,1458053,4
5235013,1458053,5
5236863,1458053,4
5891853,1458053,5
5937193,1458053,3
6163163,1458053,5
6431623,1458053,4
7247463,1458053,3
7322283,1458053,5
7377533,1458053,4
7468013,1458053,5
7553243,1458053,4
7579203,1458053,5
7994263,1458053,5
8226433,1458053,5
8309523,1458053,3
8426713,1458053,4
8886663,1458053,4
8964763,1458053,3
9062063,1458053,4
9189953,1458053,4
9268083,1458053,5
9288763,1458053,5
9302183,1458053,5
9333303,1458053,5
9370043,1458053,4
9384643,1458053,4
9397393,1458053,4
9409383,1458053,4
9437833,1458053,5
9469603,1458053,4
9473123,1458053,4
2118662,1458093,4
6599623,1458093,4
7112593,1458093,3
8973743,1459183,4
9189953,1459183,3
9189953,1459433,3
291313,1462183,4
299647,1462183,3
8576363,1462183,4
4278593,1462223,5
5544463,1463053,4
5236863,1464903,4
3366694,1466383,5
2954721,1467483,5
3016121,1468503,5
8085003,1468503,5
8541063,1468503,3
9338383,1468503,3
8973743,1470833,4
7076993,1472223,5
9232043,1472223,2
9344133,1472223,5
6681473,1472233,3
9163933,1472753,3
207471,1474263,5
302759,1474263,4
1019873,1474263,3
2132652,1474263,4
2659102,1474263,5
3178425,1474263,3
3290194,1474263,5
3403714,1474263,4
3531734,1474263,2
3611404,1474263,5
4001603,1474263,4
4672993,1474263,4
5112613,1474263,4
6417313,1474263,3
6578803,1474263,4
6839243,1474263,4
7592253,1474263,4
7836593,1474263,3
8184213,1474263,3
8492243,1474263,3
8559453,1474263,2
8738583,1474263,3
8742603,1474263,4
9344133,1474263,3
291313,1475923,5
5757933,1475923,5
6216613,1475923,5
299647,1476983,5
9288713,1476983,1
299647,1477063,5
302759,1477063,4
3082451,1477063,1
5112613,1477063,3
5303463,1477063,5
5717743,1477063,2
7836593,1477063,5
8559453,1477063,4
9327283,1477063,4
9340173,1477063,5
9372503,1477063,3
3681084,1477183,3
3842124,1477183,4
6545813,1477183,5
8492243,1477183,4
9107643,1477183,2
403243,1478043,3
3951913,1478043,1
7579203,1478043,4
3497044,1478093,5
3734004,1478093,2
4370023,1478093,5
6102143,1478093,5
6834593,1478093,4
7023553,1478093,5
7182443,1478093,2
7836593,1478093,4
8559033,1478093,4
9062063,1478093,4
9107643,1478093,4
9384643,1478093,5
6655043,1478353,3
199312,1478423,5
7473923,1480043,5
2098872,1482663,2
3843074,1482663,5
299647,1482743,1
8081803,1483563,5
3125485,1483903,4
2363941,1484983,1
7755153,1486073,4
291313,1486363,4
7587763,1486363,4
9310743,1486363,4
3432514,1487113,5
291313,1487213,4
403243,1488223,4
3178425,1488223,4
3681874,1488223,5
6203253,1488223,2
6276243,1488223,3
7391163,1488223,4
7579203,1488223,4
8964763,1488223,3
3016121,1488653,5
4544573,1488733,3
7553243,1488733,4
2954721,1488893,5
3290194,1488893,5
3801714,1488893,3
9189953,1489563,4
5112613,1490173,4
6431623,1490173,3
6505033,1490173,4
6973293,1490173,3
7322283,1490173,5
8098853,1490173,3
8226433,1490173,4
8924563,1490173,5
9190713,1490173,3
9302183,1490173,4
9386013,1490173,4
9472573,1490173,5
7322283,1490183,5
299647,1490203,5
322898,1490203,5
3611404,1490203,5
5496863,1490203,4
7322283,1490203,5
7755153,1490203,3
9268083,1490203,5
9327283,1490203,4
9328303,1490203,4
302759,1490363,4
2783941,1490363,5
5112613,1490363,4
6026933,1490363,5
6438803,1490363,5
7276693,1490363,4
7836593,1490363,4
8141893,1490363,5
8541063,1490363,2
8556433,1490363,4
9189953,1490363,3
9328303,1490363,4
9492923,1490363,5
5544463,1490373,5
9268083,1490373,5
302759,1490383,4
7592253,1490383,5
9268083,1490383,3
1019873,1490393,5
9268083,1490393,3
5172943,1494123,2
6709773,1494123,5
9328303,1494123,4
8964763,1494853,2
9328303,1495963,2
1000263,1496213,4
7182443,1496213,3
291313,1496253,3
3888454,1496573,2
6848223,1496573,3
7391163,1496573,4
7896253,1496573,5
3280974,1497233,3
3280974,1498073,5
2954721,1498873,5
3374854,1499043,4
7377533,1499043,5
3280974,1499303,4
3908623,1499303,1
5889063,1499303,4
6054573,1499303,5
6420113,1499393,5
3280974,1499513,4
5544463,1499513,4
6775213,1499513,1
3454984,1500113,1
2001150,1500193,4
6420113,1500193,5
7377533,1500193,4
9265433,1500193,2
7369513,1500213,3
5544463,1500713,4
8683343,1500713,5
167631,1501263,5
273743,1501263,4
1028956,1501263,4
2000367,1501263,1
3253104,1501263,1
3357444,1501263,4
3376214,1501263,4
3746344,1501263,3
3842124,1501263,3
4002913,1501263,4
4672993,1501263,5
5296083,1501263,5
5948903,1501263,5
6438803,1501263,5
6773673,1501263,3
7141393,1501263,4
7531633,1501263,3
7836593,1501263,5
8226433,1501263,4
8266463,1501263,2
8461243,1501263,1
8926283,1501263,3
9189953,1501263,3
9327053,1501263,4
291313,1501503,2
293837,1501503,1
3280974,1501503,3
4891063,1501503,4
6290573,1501503,4
6420113,1501503,4
7377533,1501503,3
8226433,1501723,4
1003561,1501773,4
6420113,1501773,3
1003561,1502363,4
3280974,1502363,5
4400973,1502363,5
7010073,1502363,3
7322283,1502363,5
7377533,1502363,5
7463053,1502363,4
293837,1503753,3
8214933,1503753,1
5757933,1503783,4
302759,1504173,4
3186504,1504173,5
3366744,1504173,3
7377533,1504173,5
8903633,1504173,4
9064303,1504173,5
9267953,1504173,3
6545813,1505093,5
7301443,1505093,3
9327283,1505093,4
3920253,1505133,4
8723043,1505133,5
2917981,1505213,5
3256984,1505213,5
3357444,1505213,4
3922703,1505213,3
9163933,1505213,4
293404,1505293,5
3298974,1505293,5
4304713,1505293,3
9268083,1505293,4
404446,1506543,5
9218613,1506543,3
2540342,1506633,5
7023553,1506633,3
3186504,1508363,3
3839514,1508363,4
4066453,1508363,2
3920253,1509233,4
3229644,1509263,5
6578803,1509263,3
7377533,1509263,2
9436323,1509273,3
3148245,1509423,5
3266664,1509423,2
3496084,1509733,4
7023553,1509733,3
9327283,1509733,2
209338,1511523,1
1023807,1511523,4
3409604,1511523,4
1022562,1512773,3
3121795,1512773,5
3328894,1512773,4
3409604,1512773,4
6606693,1512773,4
9367043,1512773,3
4002913,1512783,5
7755153,1512783,4
8559453,1512783,3
7739153,1512813,4
3094451,1513443,4
6599623,1513443,4
9456633,1513443,4
3212464,1513653,4
8492243,1516183,4
199312,1516313,4
1024731,1516313,5
2339082,1516313,5
2944471,1516313,4
3288094,1516313,4
3366744,1516313,4
6923953,1516313,4
7230643,1516313,3
7662713,1516313,4
7836593,1516313,4
8157203,1516313,3
8924563,1516313,4
9417803,1516313,1
9418613,1516313,3
9471913,1516413,3
2657792,1517293,4
3366744,1517423,3
8964763,1521393,4
3919073,1521843,5
7665033,1521843,3
287862,1521863,3
1000263,1521863,4
3395724,1521863,1
7045223,1521863,2
7377533,1521863,5
7713233,1522143,4
1022562,1523263,3
7755153,1523263,3
4609643,1523463,5
6762083,1523463,3
7994263,1524273,2
8226433,1524273,4
7755153,1524413,3
291313,1524433,4
7755153,1524433,4
8438323,1524433,2
7755153,1524453,4
9328303,1524453,4
3186504,1526933,2
3229644,1526933,3
3334514,1526933,3
6762083,1526933,4
6896963,1526933,4
7322283,1526933,5
2152712,1526953,4
3397664,1526953,3
7579203,1526953,4
3186504,1527133,3
3334514,1527133,3
3366744,1527133,3
7322283,1527133,5
8556433,1527133,3
8805053,1527133,4
8998573,1527133,4
9265433,1527133,5
2401421,1528243,3
287862,1528593,4
7755153,1529993,4
2942241,1531483,5
9265433,1531483,4
9345193,1531483,5
9472573,1531483,4
2012232,1531813,4
3366744,1531813,3
5891853,1531813,4
7023553,1531813,5
9472573,1531813,4
3025461,1531823,5
3644314,1531823,4
5708843,1531823,4
7590503,1531823,4
7860673,1531823,5
3395724,1531893,2
3397664,1531893,3
3746344,1531893,3
5708843,1531893,4
9271733,1531893,1
9480943,1531893,5
3366694,1531913,5
8559453,1531913,5
2541122,1532153,4
3326454,1532153,2
3397664,1532153,2
3053201,1532533,5
207471,1532823,5
286404,1532823,4
3101805,1532823,4
3366694,1532823,5
3746344,1532823,3
4692593,1532823,4
5709763,1532823,1
5843763,1532823,4
6417313,1532823,4
6842723,1532823,3
6973293,1532823,4
7197363,1532823,2
7379003,1532823,3
7381783,1532823,4
7473523,1532823,5
8307773,1532823,3
9427933,1532823,4
9469603,1532823,3
9482253,1532823,3
9500153,1532823,2
2012232,1533763,4
3457724,1533763,4
7594563,1533763,4
9288713,1533763,1
9457873,1533763,4
7514303,1533933,5
9457873,1533933,4
3307484,1534503,4
5216223,1534503,5
8492243,1534503,4
8885313,1534503,4
9266773,1534503,3
3350184,1534843,5
4416363,1534843,3
7322283,1534913,5
6977203,1536033,4
9288713,1536033,3
9302183,1536033,5
3395724,1537073,1
7755153,1537073,3
7755153,1537263,5
3041021,1538133,4
7377533,1538923,5
286404,1538933,3
2413641,1538933,3
3016131,1538933,5
3172495,1538933,4
3395724,1538933,4
3397664,1538933,5
3681874,1538933,3
7023553,1538933,5
7514303,1538933,5
8875623,1538933,4
3395724,1539293,2
7377533,1539293,5
8098853,1539293,2
2012232,1539873,3
7144683,1539873,5
7755153,1539873,3
286404,1540013,3
7023553,1540013,5
2828021,1540053,4
3622674,1540053,3
9417803,1540053,4
5112613,1541183,4
3224964,1542273,4
3757304,1542273,5
7023553,1542273,5
7197363,1542273,5
7322283,1542323,5
313258,1542643,4
8249623,1542643,5
2802481,1543423,3
9518413,1543423,5
2012232,1544053,4
3310524,1544273,3
6316243,1544273,5
7514303,1544273,4
7755153,1544273,3
6642673,1544383,3
3366694,1544483,3
2012232,1544623,4
7514303,1544623,5
1023807,1545283,5
3172495,1545283,3
7197363,1545283,4
7322283,1545283,5
9433543,1545283,5
286404,1545293,5
2278162,1545293,3
3457724,1545293,3
3649084,1545293,4
8426713,1545293,4
3454984,1545323,2
6897653,1545323,5
7023553,1545323,5
7322283,1545323,4
8924563,1545323,4
9358193,1545323,5
7381783,1545553,3
9496183,1545553,5
9507563,1545553,5
9507973,1545553,5
2012232,1545623,3
7514303,1545623,5
7377533,1546443,5
7514303,1546443,4
9310093,1546443,5
9328703,1546443,4
7514303,1546463,5
5706433,1547383,5
7514303,1547383,5
2012232,1547463,3
6642673,1547463,3
6686083,1547463,5
2325252,1549773,3
286404,1549903,3
2828021,1549903,5
8957623,1549903,3
2012232,1549953,3
3766074,1549953,2
5641953,1549953,4
6650053,1549953,4
8307773,1549953,5
8478073,1549953,4
2000798,1550023,4
2802481,1550023,4
2997011,1550023,3
3101805,1550023,4
3875454,1550023,2
4009333,1550023,5
4523463,1550023,4
6650053,1550023,4
7755153,1550023,3
2012232,1550033,4
5178733,1550033,4
6599623,1550033,5
7322283,1550033,5
7662713,1550033,4
3016131,1550173,4
6379013,1550173,5
7023553,1550173,5
8249623,1550173,4
9328303,1550173,5
9374353,1550173,4
9437833,1550173,4
9473123,1550173,4
9503633,1550173,4
2272222,1550223,5
3307484,1550223,4
3395724,1550223,2
3454984,1550223,2
3766074,1550223,4
4031083,1550223,3
4123653,1550223,4
5799863,1550223,4
6978023,1550223,2
7662713,1550223,4
7703743,1550223,3
7793773,1550223,3
8439343,1550223,3
8683343,1550223,5
8886663,1550223,5
9288763,1550223,3
9469603,1550223,3
286404,1550663,4
301006,1550663,4
307364,1550663,5
3307484,1550663,4
3397504,1550663,3
3452134,1550663,3
3454984,1550663,3
3665164,1550663,5
3862314,1550663,2
6276673,1550663,4
6839343,1550663,4
9051363,1550663,5
9104323,1550663,5
9328303,1550663,4
9328703,1550663,4
9397393,1550663,5
7755153,1550883,3
3366694,1551913,2
3366694,1551933,3
7514303,1552023,4
8886663,1552023,5
2092212,1552423,5
3366694,1552423,3
7377533,1552423,5
3094741,1552503,4
9327283,1552503,5
3366694,1552513,4
7377533,1552513,5
2012232,1553593,4
5843763,1553593,4
6857193,1553593,4
8276883,1553593,1
7023553,1553743,3
2325252,1554473,3
2181012,1554733,1
3307484,1554733,4
3515584,1554733,5
3919073,1554733,5
4692593,1554733,4
6978023,1554733,4
7473523,1554733,4
7703743,1554733,3
8478073,1554733,4
9288763,1554733,4
9310303,1554733,4
5281343,1556483,1
6316243,1556483,5
6318083,1556563,3
7755153,1556563,4
2210112,1556793,4
3875454,1556793,3
7514303,1556793,4
3746344,1557723,3
6642673,1557723,4
6927033,1557723,5
7514303,1557743,4
2541122,1558683,3
5757933,1558683,4
6606693,1558683,4
7514303,1558683,5
2012232,1558963,3
7514303,1558963,4
7755153,1558963,3
9327283,1558963,4
3211594,1559033,5
3766074,1559033,2
7377533,1559033,4
8559453,1559043,4
3595824,1559853,3
9469603,1560083,4
2143832,1561323,4
3395724,1561323,4
3809554,1561323,4
6489143,1561323,4
7377533,1561323,3
7703743,1561323,4
7837423,1561323,5
9525843,1561323,4
7514303,1561553,4
9396563,1561553,4
189508,1562273,4
318146,1562273,5
3159505,1562273,5
3350454,1562273,4
3395724,1562273,4
3766074,1562273,3
4009333,1562273,4
4109463,1562273,5
4525733,1562273,3
4703633,1562273,2
5009073,1562273,4
5730443,1562273,5
6121433,1562273,3
6482963,1562273,4
6606693,1562273,4
6650053,1562273,4
6816143,1562273,3
7294233,1562273,1
7332483,1562273,5
7514303,1562273,4
7618953,1562273,3
7703743,1562273,3
8449013,1562273,5
9099303,1562273,5
9501763,1562273,4
9523603,1562273,5
3766074,1562673,4
7514303,1563763,4
9372133,1563763,3
4727463,1564533,3
5630773,1564533,4
5730443,1564533,3
6316243,1564533,5
7377533,1564533,5
8439343,1564533,5
2802481,1564543,4
2828021,1564543,4
5838653,1564543,4
6276673,1564543,5
7322283,1564543,5
9492923,1564543,5
