103925,1558683,1
150976,1564533,1
154323,1564543,1
162732,1564543,1
191191,1441413,1
191191,1458053,1
198156,1558683,1
199053,1550663,1
199312,1561323,1
199312,1562273,1
201423,1559853,1
209923,1550663,1
258100,1550223,1
266371,1554733,1
268308,1414023,1
268308,1441413,1
268308,1442163,1
268308,1534503,1
268308,1538933,1
268308,1547383,1
268308,1550023,1
268308,1550033,1
268308,1550223,1
268308,1554733,1
268308,1558963,1
268308,1562273,1
268308,1562673,1
289934,1563763,1
291326,1561323,1
291555,1554733,1
297692,1562273,1
299364,1564543,1
300197,1554733,1
304430,1562673,1
308643,1554733,1
536271,1550023,1
1003627,1554733,1
1003627,1561323,1
1003627,1562673,1
1004017,1554733,1
1019841,1562273,1
1021849,1563763,1
1022276,1561513,1
1022562,1562273,1
1022562,1564543,1
1022665,1554733,1
1023807,1564543,1
1025591,1554733,1
1025851,1563763,1
1029577,1558963,1
1336452,1556563,1
1445691,1558683,1
2000798,1441413,1
2000798,1458053,1
2000798,1549953,1
2000798,1550223,1
2000798,1554733,1
2000798,1558963,1
2000798,1559033,1
2000798,1561323,1
2003143,1558683,1
2003758,1554733,1
2007728,1554733,1
2009626,1562673,1
2010771,1564533,1
2012232,1562273,1
2017107,1562273,1
2018110,1561323,1
2097602,1559033,1
2102132,1458053,1
2105842,1550033,1
2105842,1556483,1
2105842,1562273,1
2105842,1564533,1
2115752,1550223,1
2115752,1554733,1
2115752,1562273,1
2121392,1564533,1
2121392,1564543,1
2121392,1566153,1
2129522,1562673,1
2130692,1554733,1
2139362,1554733,1
2143832,1552023,1
2198812,1562673,1
2232592,1554733,1
2281702,1556793,1
2281702,1564533,1
2281702,1564543,1
2325932,1550023,1
2339702,1558683,1
2368651,1561323,1
2398021,1562273,1
2401421,1562673,1
2517902,1562273,1
2541122,1558963,1
2568352,1552023,1
2633102,1562273,1
2660232,1550663,1
2678192,1558963,1
2708382,1564533,1
2711362,1558963,1
2758371,1550223,1
2758371,1562273,1
2773461,1554733,1
2773461,1564543,1
2802481,1441413,1
2828021,1540053,1
2882121,1562273,1
2935651,1550663,1
2936171,1552513,1
2936171,1559853,1
2936441,1557723,1
2954721,1564533,1
2954721,1566153,1
2981981,1558683,1
2986661,1562273,1
2995941,1441413,1
2995941,1561323,1
3039231,1564533,1
3040501,1441413,1
3040501,1552503,1
3097965,1554733,1
3101805,1560083,1
3107705,1563763,1
3107705,1564533,1
3126955,1556563,1
3159505,1550663,1
3159505,1562273,1
3186504,1560083,1
3186504,1562273,1
3195184,1552023,1
3211594,1550223,1
3211594,1559033,1
3212464,1562673,1
3277274,1554733,1
3310524,1556793,1
3310524,1560083,1
3343184,1556793,1
3346464,1458053,1
3346464,1550023,1
3346464,1562273,1
3349014,1425303,1
3349014,1458053,1
3349014,1550023,1
3349014,1550223,1
3349014,1558963,1
3349014,1562273,1
3349014,1562673,1
3349014,1564543,1
3355774,1558963,1
3366694,1551933,1
3383474,1550223,1
3383474,1552023,1
3383474,1554733,1
3392134,1556563,1
3395724,1550023,1
3395724,1562273,1
3416904,1556563,1
3419534,1562273,1
3419934,1561323,1
3430814,1564533,1
3433524,1564543,1
3435194,1564543,1
3440894,1556563,1
3476334,1562273,1
3496844,1561553,1
3507664,1561323,1
3543224,1562673,1
3559364,1554733,1
3569074,1554733,1
3571194,1562673,1
3575384,1559033,1
3592584,1556793,1
3612854,1552023,1
3623634,1458053,1
3656914,1550663,1
3709704,1559033,1
3712984,1562273,1
3740284,1564533,1
3744184,1564543,1
3758924,1561323,1
3766074,1441413,1
3766074,1458053,1
3766074,1562673,1
3813804,1554733,1
3820284,1562273,1
3823944,1563763,1
3823944,1566153,1
3840384,1556793,1
3859514,1554733,1
3875454,1441413,1
3875454,1458053,1
3875454,1550023,1
3875454,1550223,1
3875454,1556793,1
3898484,1550663,1
3909403,1564543,1
3919843,1564543,1
4003403,1550223,1
4005663,1544273,1
4005663,1550883,1
4005663,1558683,1
4009333,1562673,1
4030863,1554733,1
4030863,1562273,1
4031083,1441413,1
4031083,1550223,1
4098343,1562273,1
4098373,1441413,1
4098373,1554733,1
4100993,1564533,1
4101863,1554733,1
4109463,1550223,1
4109463,1562273,1
4112543,1556793,1
4197113,1562273,1
4197633,1441413,1
4197633,1458053,1
4197633,1550023,1
4197633,1550033,1
4197633,1552023,1
4204993,1561323,1
4205323,1558683,1
4224133,1562273,1
4268433,1550023,1
4268433,1556793,1
4268433,1561323,1
4268433,1562273,1
4268433,1562673,1
4302213,1554733,1
4303663,1556483,1
4303663,1558683,1
4303663,1562273,1
4303663,1564533,1
4303663,1564543,1
4312813,1554733,1
4407803,1562273,1
4430133,1552513,1
4610033,1550663,1
4703633,1441413,1
4703693,1556793,1
4795783,1550663,1
4795783,1558683,1
4799193,1564533,1
4821973,1562273,1
4914923,1550663,1
5009073,1441413,1
5009073,1562273,1
5196913,1562273,1
5266563,1563763,1
5280213,1561323,1
5281343,1558683,1
5316843,1554733,1
5362803,1552023,1
5364033,1558683,1
5455203,1554733,1
5496863,1554733,1
5540293,1561323,1
5540803,1562273,1
5571193,1561323,1
5626933,1559853,1
5626933,1564533,1
5667773,1562673,1
5681393,1554733,1
5709763,1558963,1
5712303,1561323,1
5717743,1564533,1
5730443,1564533,1
5793623,1562273,1
5794163,1554733,1
5805613,1554733,1
5827193,1562273,1
5833223,1554733,1
5838653,1413763,1
5843763,1439833,1
5843763,1441413,1
5843763,1532823,1
5843763,1553593,1
5883573,1550663,1
5893583,1564543,1
5915883,1558683,1
5920453,1552023,1
5994103,1562273,1
6009303,1554733,1
6101953,1558683,1
6104853,1562273,1
6116743,1549953,1
6121433,1562273,1
6198383,1458053,1
6199793,1429163,1
6216763,1554733,1
6216763,1562273,1
6260163,1558963,1
6260163,1561513,1
6260603,1554733,1
6262983,1554733,1
6274343,1441413,1
6276943,1562273,1
6314163,1562273,1
6316243,1544273,1
6379013,1556563,1
6486793,1561323,1
6566083,1556483,1
6566243,1562273,1
6570753,1563763,1
6570753,1564533,1
6576143,1552023,1
6576143,1561323,1
6576143,1562273,1
6577433,1441413,1
6577433,1550223,1
6606693,1558683,1
6606693,1562273,1
6615313,1554733,1
6625383,1564533,1
6638403,1562673,1
6650053,1549953,1
6650053,1550023,1
6655973,1554733,1
6709793,1458053,1
6709793,1550023,1
6709793,1550033,1
6709793,1556793,1
6721583,1558683,1
6754013,1561323,1
6807673,1550663,1
6816143,1550223,1
6838553,1562673,1
6845173,1441413,1
6845173,1550223,1
6845173,1554733,1
6845173,1561513,1
6845173,1562273,1
6845173,1563763,1
6845593,1451973,1
6845593,1552023,1
6845593,1554733,1
6845593,1562273,1
6922673,1562273,1
6923953,1552513,1
6927033,1549953,1
6927033,1550223,1
6927033,1556793,1
6927033,1557723,1
6927033,1559033,1
6927033,1562273,1
6978023,1554733,1
6987773,1554733,1
6987773,1556483,1
6987773,1558683,1
6987773,1559033,1
6987773,1561553,1
6992843,1550663,1
6992843,1554733,1
6992843,1556793,1
6992843,1563763,1
6992843,1564533,1
6992843,1564543,1
7010123,1554733,1
7022903,1562273,1
7023103,1564533,1
7077083,1564543,1
7103303,1441413,1
7103303,1554733,1
7113583,1556793,1
7128973,1414023,1
7128973,1538933,1
7164053,1558683,1
7311753,1552023,1
7311753,1561553,1
7311753,1562273,1
7311753,1562673,1
7311753,1563763,1
7311753,1564533,1
7311753,1564543,1
7336783,1441413,1
7336783,1554733,1
7377533,1458053,1
7377533,1552513,1
7377533,1564533,1
7456493,1558683,1
7473523,1532823,1
7473523,1554733,1
7504253,1550663,1
7514303,1544273,1
7514303,1552023,1
7514303,1556793,1
7514303,1557743,1
7514303,1558683,1
7514303,1558963,1
7514303,1561553,1
7514303,1562273,1
7514303,1563763,1
7541043,1561323,1
7541043,1562273,1
7590033,1558683,1
7592253,1551933,1
7621923,1564543,1
7653473,1554733,1
7703743,1439833,1
7703743,1441413,1
7703743,1550223,1
7703743,1554733,1
7703743,1561323,1
7703743,1562273,1
7706223,1550023,1
7706223,1550033,1
7706223,1550223,1
7706223,1562273,1
7706223,1562673,1
7706223,1564543,1
7709973,1561323,1
7725553,1551933,1
7725553,1558683,1
7725553,1561323,1
7725553,1562273,1
7725553,1562673,1
7725553,1564533,1
7725553,1564543,1
7725553,1566153,1
7755153,1550663,1
7755153,1556563,1
7755153,1558683,1
7772703,1552023,1
7828163,1562673,1
7830913,1554733,1
7837423,1550663,1
7837423,1561323,1
7840173,1441413,1
7862613,1562273,1
7937493,1561323,1
7941243,1401763,1
7941243,1441413,1
7941243,1458053,1
7941243,1523463,1
7941243,1544273,1
7941243,1550023,1
7941243,1556483,1
7941243,1558683,1
7941243,1562673,1
7950983,1458053,1
7950983,1549953,1
7950983,1550663,1
8052943,1458053,1
8052943,1554733,1
8069533,1558683,1
8072643,1532823,1
8072643,1554733,1
8104533,1558683,1
8155123,1566153,1
8192983,1441413,1
8192983,1550173,1
8192983,1561323,1
8199643,1563763,1
8224033,1550663,1
8224483,1552023,1
8228413,1564543,1
8230103,1554733,1
8230103,1559033,1
8230103,1561323,1
8298463,1558963,1
8315743,1560083,1
8318463,1562673,1
8319453,1554733,1
8319453,1559033,1
8319453,1560083,1
8319453,1562273,1
8319453,1564533,1
8319453,1564543,1
8327443,1564543,1
8345663,1562273,1
8348083,1441413,1
8348083,1552023,1
8348083,1558963,1
8348083,1562273,1
8348083,1563763,1
8369183,1554733,1
8435823,1560083,1
8449013,1554733,1
8449013,1556563,1
8449013,1556793,1
8449013,1557723,1
8449013,1558963,1
8449013,1559033,1
8449013,1560083,1
8449013,1561323,1
8449013,1562273,1
8449013,1562673,1
8466333,1556793,1
8466333,1558683,1
8533023,1562273,1
8533893,1425303,1
8533893,1562273,1
8542313,1554733,1
8559453,1402553,1
8559453,1512783,1
8559453,1559043,1
8619063,1554733,1
8620133,1550663,1
8636453,1552513,1
8805793,1554733,1
8806403,1550663,1
8806403,1552023,1
8806403,1552513,1
8806403,1558683,1
8806403,1564543,1
8844673,1554733,1
8845133,1561323,1
8845133,1562273,1
8886663,1458053,1
8886663,1552023,1
8886663,1558683,1
8894483,1550663,1
8912743,1562673,1
8924593,1556483,1
8924593,1558683,1
8965803,1554733,1
8965803,1561323,1
8965803,1564533,1
9001963,1446833,1
9001963,1554733,1
9025473,1562273,1
9025473,1566153,1
9040613,1554733,1
9047583,1562273,1
9082833,1556483,1
9099303,1562273,1
9102433,1562273,1
9102433,1564543,1
9109973,1562273,1
9130033,1554733,1
9131183,1562273,1
9143013,1566153,1
9149823,1550663,1
9149823,1560083,1
9149823,1562673,1
9189013,1550023,1
9223713,1558683,1
9263903,1556793,1
9268083,1550023,1
9268083,1562273,1
9268083,1564533,1
9302183,1561323,1
9302183,1562273,1
9302183,1562673,1
9302183,1564543,1
9309793,1562273,1
9310303,1458053,1
9310303,1554733,1
9310763,1563763,1
9327283,1441413,1
9327283,1562673,1
9333303,1554733,1
9338383,1564533,1
9367023,1441413,1
9367023,1554733,1
9372393,1505133,1
9372393,1556793,1
9372393,1559033,1
9372393,1561323,1
9379903,1562273,1
9385473,1564543,1
9386013,1558683,1
9396563,1561553,1
9422743,1552023,1
9432923,1561323,1
9435583,1561323,1
9435693,1441413,1
9435693,1458053,1
9435693,1524273,1
9435693,1563763,1
9436303,1425303,1
9436303,1458053,1
9436303,1542273,1
9436303,1562273,1
9449933,1532823,1
9449933,1564533,1
9461243,1558683,1
9462333,1458053,1
9462333,1549953,1
9462333,1550023,1
9462333,1554733,1
9471883,1561323,1
9472343,1403903,1
9472343,1441413,1
9472343,1457243,1
9472343,1523263,1
9472343,1558693,1
9474483,1562673,1
9476123,1441413,1
9487203,1550223,1
9487203,1552503,1
9493073,1562273,1
9501763,1441413,1
9501763,1563763,1
9501763,1564543,1
9513153,1557723,1
9516253,1561323,1
9519213,1554733,1
9522553,1552023,1
9523603,1562273,1
9525723,1562273,1
9526263,1554733,1
9527623,1554733,1
