154323,1564543,1
155426,1562273,1
176125,1562273,1
189508,1562273,1
201423,1559853,1
209923,1550663,1
253399,1550663,1
253700,1554733,1
254760,1554733,1
277350,1562273,1
281199,1552023,1
284012,1563763,1
289934,1563763,1
291459,1562273,1
293931,1550663,1
293931,1552513,1
293931,1561323,1
297692,1562273,1
298317,1562273,1
299863,1552023,1
299948,1554733,1
300197,1554733,1
304430,1562673,1
304482,1562273,1
305083,1562273,1
305984,1554733,1
308643,1554733,1
311092,1566153,1
313295,1562273,1
319485,1563763,1
322056,1550663,1
322056,1563763,1
324051,1562273,1
324302,1562273,1
400615,1564543,1
406024,1550223,1
406024,1550663,1
406024,1554733,1
411965,1562273,1
412983,1554733,1
540148,1562273,1
547077,1562273,1
1006039,1549953,1
1016440,1566153,1
1019304,1562273,1
1019841,1562273,1
1022276,1561513,1
1022562,1562273,1
1022562,1564543,1
1022665,1554733,1
1023731,1564543,1
1023807,1564543,1
1023876,1554693,1
1023876,1562273,1
1023876,1562673,1
1023936,1557723,1
1023936,1562273,1
1025591,1554733,1
1025851,1563763,1
1025851,1564533,1
1026022,1556793,1
1028956,1562673,1
1029577,1558963,1
1041557,1559853,1
1041557,1566153,1
1336452,1556563,1
1445691,1558683,1
1445691,1562673,1
2000442,1559033,1
2000798,1558963,1
2000798,1559033,1
2000798,1561323,1
2002049,1458053,1
2002049,1550663,1
2002049,1554733,1
2002049,1562273,1
2002049,1563763,1
2003758,1554733,1
2007728,1554733,1
2009626,1562673,1
2010771,1564533,1
2010771,1564543,1
2012232,1562273,1
2016022,1561323,1
2017107,1562273,1
2025172,1564533,1
2025172,1564543,1
2079632,1552513,1
2097602,1559033,1
2102622,1562273,1
2105842,1556483,1
2105842,1558683,1
2105842,1562273,1
2105842,1564533,1
2115752,1554733,1
2115752,1562273,1
2121392,1551933,1
2121392,1564533,1
2121392,1564543,1
2121392,1566153,1
2123552,1554733,1
2128852,1552513,1
2129522,1554733,1
2129522,1562273,1
2129522,1562673,1
2137202,1550023,1
2137202,1561323,1
2137202,1562273,1
2137202,1562673,1
2137782,1554733,1
2143832,1552023,1
2143832,1561323,1
2196862,1562673,1
2198812,1562673,1
2210112,1564543,1
2213042,1550663,1
2239322,1562273,1
2239762,1564543,1
2310552,1562273,1
2325252,1556793,1
2361541,1564533,1
2362391,1558683,1
2364701,1550663,1
2368651,1561323,1
2368651,1562273,1
2401421,1562673,1
2450231,1564543,1
2482462,1559853,1
2491672,1561323,1
2512102,1561323,1
2512102,1562273,1
2568352,1552023,1
2635222,1550663,1
2660232,1550663,1
2670332,1550663,1
2678192,1558963,1
2711212,1562673,1
2758371,1562273,1
2773461,1554733,1
2773461,1564533,1
2773461,1564543,1
2781821,1550663,1
2791691,1562673,1
2802411,1566153,1
2816311,1558683,1
2882121,1562273,1
2916501,1561323,1
2917981,1552353,1
2917981,1554693,1
2917981,1554733,1
2917981,1561323,1
2935651,1550663,1
2936171,1552513,1
2936171,1559853,1
2936441,1557723,1
2954091,1556793,1
2975521,1554733,1
2975521,1556793,1
2975521,1561323,1
2981981,1558683,1
2995941,1561323,1
2997011,1458053,1
2997011,1550023,1
2999561,1550663,1
2999561,1552023,1
2999561,1561553,1
2999561,1562673,1
3002571,1554733,1
3002571,1562273,1
3003231,1564543,1
3017761,1559033,1
3025251,1564543,1
3026071,1562273,1
3043661,1550663,1
3050451,1551933,1
3050451,1552023,1
3050451,1552513,1
3050451,1559853,1
3050451,1563763,1
3050451,1564533,1
3050451,1564543,1
3084011,1562273,1
3101805,1560083,1
3107705,1563763,1
3107705,1564533,1
3132625,1562273,1
3142225,1562273,1
3152735,1554733,1
3152735,1556793,1
3152735,1557723,1
3152735,1558963,1
3152735,1559033,1
3152735,1561323,1
3152735,1562673,1
3154175,1562273,1
3159505,1562273,1
3159625,1562273,1
3161755,1562273,1
3166945,1554733,1
3172495,1549953,1
3172495,1562273,1
3178425,1562273,1
3186504,1560083,1
3186504,1562273,1
3191814,1558683,1
3197544,1552023,1
3202654,1564533,1
3211594,1559033,1
3211594,1561323,1
3217464,1562273,1
3225594,1551933,1
3225594,1556483,1
3225594,1564543,1
3245164,1550663,1
3246244,1562273,1
3246943,1564533,1
3252944,1562273,1
3258604,1557723,1
3258604,1562273,1
3273414,1552513,1
3277274,1554733,1
3282074,1562273,1
3287084,1564543,1
3288534,1562273,1
3311034,1562273,1
3323834,1559033,1
3328894,1562273,1
3334514,1552023,1
3334514,1554733,1
3334514,1561323,1
3341584,1564533,1
3343184,1556793,1
3346464,1562273,1
3352934,1552023,1
3355104,1552513,1
3355104,1562673,1
3355774,1558963,1
3358754,1561323,1
3370024,1550663,1
3370804,1546443,1
3387754,1550023,1
3387754,1550223,1
3392134,1556563,1
3395724,1562273,1
3416904,1556563,1
3419534,1561323,1
3419534,1562273,1
3419934,1550223,1
3419934,1561323,1
3432514,1562273,1
3433524,1562273,1
3433524,1564543,1
3433784,1562273,1
3435194,1564543,1
3440894,1556563,1
3443264,1562273,1
3449124,1562273,1
3460964,1561323,1
3480964,1562273,1
3485324,1564543,1
3494664,1554733,1
3496084,1562273,1
3496844,1561553,1
3498994,1562273,1
3507664,1561323,1
3523394,1561323,1
3524444,1554733,1
3543224,1562673,1
3559364,1554733,1
3561034,1558963,1
3569074,1554733,1
3571194,1562673,1
3575984,1562273,1
3590904,1562273,1
3592584,1556793,1
3592904,1562273,1
3596734,1562273,1
3606074,1564543,1
3621354,1554733,1
3621394,1561323,1
3643454,1564533,1
3649084,1554733,1
3649084,1562273,1
3649394,1562273,1
3656914,1550663,1
3660654,1562273,1
3681084,1551933,1
3694674,1554733,1
3699404,1562673,1
3712984,1562273,1
3734004,1562673,1
3744184,1564543,1
3758504,1559033,1
3758924,1561323,1
3761294,1559033,1
3761294,1562273,1
3766074,1406613,1
3766074,1425303,1
3766074,1550223,1
3766074,1559033,1
3766074,1562273,1
3766074,1562673,1
3768134,1556483,1
3768134,1561093,1
3768134,1562273,1
3768134,1564543,1
3771124,1543423,1
3771124,1555573,1
3789254,1562273,1
3809554,1561323,1
3813804,1554733,1
3820924,1562273,1
3823944,1563763,1
3823944,1566153,1
3825034,1556483,1
3847894,1562273,1
3859514,1554733,1
3875454,1441413,1
3875454,1458053,1
3875454,1549953,1
3875454,1550023,1
3875454,1550223,1
3875454,1550663,1
3875454,1554733,1
3875454,1556793,1
3875454,1562273,1
3875454,1564543,1
3878424,1558683,1
3893494,1559033,1
3898484,1550663,1
3906293,1561323,1
3906293,1562273,1
3906293,1562673,1
3909403,1556563,1
3909403,1560083,1
3909403,1564543,1
3911413,1542643,1
3911413,1564543,1
3919843,1564543,1
3919963,1554733,1
3938773,1562273,1
3984823,1562273,1
3994603,1562273,1
3999033,1562273,1
4003403,1562273,1
4031083,1441413,1
4031083,1550223,1
4031083,1562273,1
4039153,1562273,1
4039153,1563763,1
4098343,1562273,1
4109463,1562273,1
4112543,1556483,1
4112543,1556793,1
4150623,1562273,1
4196273,1558683,1
4201113,1562273,1
4204993,1561323,1
4205323,1558683,1
4224133,1562273,1
4224133,1563763,1
4285653,1556793,1
4307003,1458053,1
4307003,1550663,1
4312813,1554733,1
4342403,1562273,1
4389603,1550663,1
4400913,1562273,1
4407153,1556793,1
4410823,1564543,1
4430133,1441413,1
4430133,1552513,1
4504923,1554733,1
4504923,1561323,1
4525733,1562273,1
4544573,1562273,1
4597283,1550663,1
4597283,1558683,1
4610923,1557723,1
4681133,1562273,1
4683043,1562273,1
4702793,1561323,1
4703633,1562273,1
4703693,1556793,1
4708553,1550663,1
4730403,1562273,1
4737503,1564543,1
4783023,1561323,1
4795783,1550663,1
4795783,1558683,1
4799193,1564533,1
4803163,1558683,1
4811563,1562273,1
4821973,1562273,1
4914923,1550663,1
4915533,1562273,1
4923733,1554733,1
4923733,1562273,1
4971563,1562273,1
4983353,1562273,1
4986593,1559033,1
5009073,1562273,1
5010703,1562273,1
5011843,1562273,1
5050843,1562273,1
5094433,1554733,1
5094433,1566153,1
5114813,1556483,1
5138763,1554733,1
5194623,1556793,1
5196913,1562273,1
5266563,1563763,1
5276273,1562273,1
5280213,1561323,1
5283353,1554733,1
5284493,1561323,1
5289923,1550663,1
5362803,1552023,1
5364033,1558683,1
5396683,1563763,1
5496863,1554733,1
5567163,1562273,1
5571193,1561323,1
5610943,1558683,1
5626933,1559853,1
5626933,1564533,1
5649403,1538933,1
5649403,1564543,1
5675983,1564543,1
5681393,1554733,1
5709763,1558963,1
5712303,1561323,1
5713743,1562673,1
5783853,1562273,1
5793623,1562273,1
5794163,1554733,1
5805613,1554733,1
5838653,1564543,1
5883573,1550663,1
5893583,1564543,1
5920453,1552023,1
5973573,1558683,1
5987903,1562273,1
5994103,1562273,1
6009303,1554733,1
6087493,1564543,1
6104853,1562273,1
6121433,1562273,1
6121433,1564543,1
6125243,1562273,1
6200513,1550663,1
6200513,1556483,1
6200513,1558683,1
6216763,1562273,1
6260163,1558963,1
6260163,1561513,1
6260603,1554733,1
6274343,1441413,1
6316243,1556483,1
6316243,1564533,1
6350313,1562273,1
6360333,1561323,1
6365663,1562273,1
6366753,1562273,1
6369653,1557723,1
6379013,1556563,1
6393113,1561553,1
6408433,1561323,1
6450413,1561553,1
6486673,1562273,1
6519783,1564543,1
6566243,1562273,1
6570753,1561323,1
6570753,1563763,1
6570753,1564533,1
6576143,1552023,1
6576143,1554733,1
6576143,1561323,1
6576143,1562273,1
6577623,1559853,1
6596883,1562673,1
6606693,1558683,1
6606693,1562273,1
6613883,1561553,1
6615313,1554733,1
6625383,1564533,1
6629733,1554733,1
6631863,1562673,1
6638403,1562673,1
6655973,1554733,1
6662253,1562273,1
6665273,1562273,1
6665503,1562273,1
6709793,1561553,1
6711573,1562273,1
6721583,1558683,1
6724743,1562273,1
6725393,1558683,1
6754013,1561323,1
6775673,1552023,1
6807673,1554733,1
6809613,1561323,1
6816143,1562273,1
6829373,1562273,1
6829773,1559033,1
6838553,1556483,1
6838553,1562673,1
6840613,1555573,1
6845593,1552023,1
6845593,1554733,1
6845593,1562273,1
6848223,1562273,1
6848223,1564533,1
6852733,1562273,1
6854853,1562273,1
6880873,1563763,1
6927033,1556793,1
6927033,1557723,1
6927033,1559033,1
6927033,1562673,1
6962233,1562273,1
6974043,1554733,1
6978023,1550223,1
6978023,1554733,1
6980023,1562273,1
6981493,1558683,1
6987663,1562273,1
6987773,1554733,1
6987773,1556483,1
6987773,1559033,1
6987773,1561553,1
6992843,1556793,1
6992843,1561323,1
6992843,1563763,1
6992843,1564533,1
6992843,1564543,1
7010063,1558963,1
7010123,1558963,1
7022903,1562273,1
7023103,1564533,1
7023103,1564543,1
7080523,1554733,1
7102123,1552513,1
7103303,1441413,1
7103303,1550663,1
7103303,1554733,1
7106733,1562273,1
7110993,1563763,1
7113583,1556793,1
7128973,1414023,1
7128973,1562273,1
7141393,1561323,1
7141393,1562273,1
7142513,1562273,1
7144683,1564533,1
7155333,1566153,1
7165783,1554733,1
7182843,1552023,1
7261003,1562273,1
7287403,1562673,1
7311753,1552023,1
7311753,1561553,1
7311753,1562273,1
7311753,1562673,1
7311753,1563763,1
7311753,1564533,1
7311753,1564543,1
7329553,1559033,1
7332483,1562273,1
7366153,1562273,1
7372163,1564543,1
7433323,1562673,1
7452223,1566153,1
7455333,1561323,1
7456493,1558683,1
7463113,1551933,1
7463113,1556563,1
7463113,1559033,1
7463113,1561323,1
7463113,1562273,1
7466453,1550223,1
7466453,1554733,1
7466453,1562273,1
7467393,1550663,1
7467393,1557743,1
7467393,1563763,1
7473523,1554733,1
7473883,1564533,1
7473923,1562273,1
7488693,1562273,1
7504253,1550663,1
7504643,1550663,1
7514293,1554733,1
7525203,1550663,1
7541043,1561323,1
7541043,1562273,1
7579913,1564533,1
7592253,1551933,1
7618953,1562273,1
7619033,1562273,1
7619053,1552023,1
7621923,1562673,1
7621923,1564543,1
7642793,1564543,1
7653473,1554733,1
7703743,1554733,1
7706223,1564543,1
7706673,1566153,1
7709973,1561323,1
7714133,1561553,1
7725553,1551933,1
7725553,1552513,1
7725553,1556483,1
7725553,1558683,1
7725553,1561323,1
7725553,1562273,1
7725553,1562673,1
7725553,1563763,1
7725553,1564533,1
7725553,1564543,1
7725553,1566153,1
7739773,1556793,1
7739773,1562273,1
7741433,1550663,1
7741543,1562273,1
7744143,1562273,1
7772703,1552023,1
7814843,1563763,1
7821383,1562273,1
7822523,1566153,1
7830913,1554733,1
7835023,1558683,1
7835023,1562273,1
7836193,1564543,1
7837423,1561323,1
7838363,1564543,1
7843833,1562273,1
7862613,1562273,1
7867143,1556483,1
7882083,1562273,1
7902973,1562273,1
7937493,1561323,1
7950573,1562273,1
7950983,1556483,1
7950983,1561553,1
7950983,1562273,1
7967643,1563763,1
7969033,1554733,1
7972633,1562273,1
7981953,1564543,1
7982763,1550663,1
8052943,1554733,1
8103663,1562273,1
8104113,1562273,1
8104533,1558683,1
8127163,1561323,1
8155123,1563763,1
8155123,1566153,1
8156333,1554733,1
8192603,1554733,1
8192983,1550023,1
8195473,1562273,1
8195523,1558683,1
8223573,1564533,1
8223733,1558683,1
8224293,1561553,1
8227393,1559033,1
8228413,1564543,1
8230103,1549953,1
8230103,1550223,1
8230103,1554733,1
8230103,1559033,1
8230103,1561323,1
8256213,1554733,1
8256213,1562273,1
8298463,1558963,1
8302723,1562673,1
8315743,1560083,1
8318153,1562673,1
8318463,1562673,1
8325363,1562673,1
8327443,1564543,1
8345663,1562273,1
8348083,1558963,1
8348083,1562273,1
8348083,1563763,1
8369183,1554733,1
8401873,1552023,1
8428073,1562273,1
8429413,1552513,1
8435823,1560083,1
8449013,1554733,1
8449013,1556563,1
8449013,1556793,1
8449013,1557723,1
8449013,1559033,1
8449013,1560083,1
8449013,1561323,1
8449013,1562673,1
8466333,1554733,1
8466333,1556793,1
8466333,1558683,1
8484563,1552023,1
8494153,1554733,1
8554363,1550663,1
8559453,1402553,1
8559453,1512783,1
8559453,1559043,1
8570423,1550663,1
8595573,1550173,1
8619063,1552023,1
8619063,1554733,1
8620133,1550663,1
8634883,1556483,1
8635463,1562273,1
8636453,1552513,1
8638133,1562273,1
8661573,1564533,1
8677443,1552513,1
8677443,1562673,1
8691083,1556483,1
8691083,1558683,1
8706753,1562273,1
8714423,1566153,1
8726303,1554733,1
8726303,1562273,1
8730443,1562273,1
8739913,1559033,1
8750133,1562673,1
8750593,1564543,1
8762813,1562273,1
8805793,1554733,1
8806143,1564543,1
8814443,1559853,1
8836573,1562273,1
8836573,1564533,1
8844673,1554733,1
8845133,1562273,1
8852543,1561323,1
8853313,1562273,1
8875623,1561323,1
8875623,1562273,1
8882593,1556483,1
8884073,1561323,1
8884073,1562273,1
8885313,1561323,1
8885513,1558683,1
8886663,1552023,1
8893763,1554733,1
8894483,1550663,1
8895293,1562273,1
8912743,1560083,1
8912743,1562673,1
8912743,1566153,1
8922183,1562273,1
8931013,1441413,1
8931013,1535723,1
8931013,1558693,1
8957623,1562273,1
8963213,1562273,1
8965803,1561323,1
8965803,1562273,1
8965803,1564533,1
8966113,1527133,1
8996033,1562273,1
9000233,1562273,1
9001653,1562273,1
9019473,1558683,1
9019473,1561323,1
9025473,1566153,1
9039603,1560083,1
9039603,1562673,1
9040613,1550023,1
9040613,1554733,1
9047583,1550663,1
9047583,1562273,1
9047923,1562273,1
9055013,1562273,1
9055093,1562273,1
9066163,1554733,1
9067823,1552023,1
9069933,1566153,1
9082833,1556483,1
9091123,1562273,1
9093393,1564533,1
9099243,1562673,1
9099303,1559853,1
9099303,1562273,1
9100973,1556483,1
9102433,1550663,1
9102433,1562273,1
9102433,1564543,1
9102593,1562273,1
9105073,1441413,1
9109533,1566153,1
9109973,1558683,1
9109973,1562273,1
9109973,1563763,1
9109973,1564533,1
9127323,1561323,1
9127323,1562273,1
9141903,1562273,1
9143013,1566153,1
9149823,1550663,1
9149823,1562673,1
9151713,1552513,1
9151863,1562273,1
9168083,1562273,1
9168083,1562673,1
9182843,1552023,1
9183333,1564533,1
9184993,1566153,1
9185063,1554733,1
9185793,1562273,1
9189013,1561323,1
9189013,1562273,1
9223713,1558683,1
9228623,1556563,1
9228623,1562273,1
9230963,1554733,1
9231853,1562273,1
9234423,1562273,1
9251933,1558963,1
9251933,1562673,1
9263703,1558683,1
9265323,1564543,1
9267923,1562273,1
9268083,1564533,1
9269073,1562273,1
9269463,1556563,1
9291443,1558683,1
9302183,1561323,1
9302183,1562273,1
9302183,1562673,1
9302183,1564543,1
9305983,1562273,1
9322853,1554733,1
9323873,1562673,1
9326863,1550663,1
9327713,1562273,1
9328553,1562273,1
9333303,1554733,1
9338893,1562273,1
9339203,1561323,1
9343813,1562673,1
9343983,1558683,1
9347023,1552023,1
9356873,1562273,1
9386013,1558683,1
9395083,1561323,1
9396563,1561553,1
9396723,1561323,1
9401003,1562273,1
9428633,1552513,1
9428633,1561553,1
9428633,1562673,1
9429443,1559853,1
9429443,1563763,1
9432923,1561323,1
9435583,1561323,1
9435693,1564543,1
9436303,1562273,1
9438283,1559853,1
9445493,1562273,1
9445583,1556483,1
9447623,1550663,1
9447623,1556563,1
9447623,1556793,1
9449813,1425303,1
9449813,1458053,1
9449953,1554733,1
9449953,1562273,1
9454653,1562273,1
9458793,1554733,1
9462333,1561553,1
9463633,1554733,1
9472723,1562273,1
9472723,1564533,1
9472723,1564543,1
9476123,1562273,1
9481113,1550663,1
9484783,1556483,1
9484783,1558683,1
9490273,1556563,1
9490593,1556563,1
9491713,1564533,1
9492923,1564543,1
9493073,1439833,1
9493073,1458053,1
9493073,1524413,1
9493073,1549953,1
9493073,1550223,1
9493073,1550663,1
9493073,1553743,1
9493073,1554473,1
9493073,1562273,1
9495073,1554733,1
9495953,1562273,1
9498773,1550663,1
9498773,1560083,1
9501763,1562273,1
9501763,1563763,1
9501763,1564543,1
9502063,1562273,1
9508883,1554733,1
9508883,1558963,1
9508883,1561323,1
9509003,1562273,1
9509003,1562673,1
9513153,1563763,1
9513153,1564543,1
9514363,1563763,1
9515743,1564543,1
9516253,1561323,1
9518103,1556793,1
9521093,1559853,1
9522383,1562273,1
9522493,1562273,1
9522553,1552023,1
9523493,1562273,1
9526023,1558683,1
9526263,1554733,1
9526673,1441413,1
9526673,1550663,1
9527623,1554733,1
9527743,1550663,1
9527743,1554733,1
9527743,1562273,1
